6.0
7.690283478491596
5.999999999999998
27.655518028968597
6.445984958645042
18.0
30.000000000000004
30.68771338407314
6.0
31.276047293739495
24.149086954490464
30.0
50.175500855655706
37.436208719042995
27.208546724461037
32.679961065687884
46.83149394650096
35.54921301294368
31.790477721210536
24.44457599531016
10.815761444526615
8.405606746736595
30.86782497013884
16.722042194421817
12.0
73.37611769049289
67.16997489374722
89.80147579949332
60.43704440784024
48.478682190357596
66.73451671239417
45.04761470645842
66.87867238701489
111.9705424713075
95.22122272397652
57.522130446066534
94.79627472604932
87.4543975311831
59.45172628604756
59.468180738972165
46.67134750910918
25.1937630117297
71.53270549125074
54.25384746680997
68.8947432964488
62.59205235580545
65.38262658703935
62.94528323191412
65.76456183847345
79.36689427942463
79.19348247989925
143.62564843433603
74.30883268353135
146.68359742592577
75.70580614243786
69.52272625349377
120.75816376535448
68.73035573171784
99.70171193722209
51.857067749171875
119.5513795960264
105.00555999436364
60.333949627499464
82.47208763245801
64.79003723406795
23.52453704091411
24.869153808792646
114.99451502228041
23.152021413595406
115.14988473297846
66.23696086877095
117.05066982950534
111.65949563151493
103.0251952755653
104.4113958913693
95.59488481454707
93.37243871000166
4.201174684761952
86.07008727591692
77.01456209866234
69.70529267078268
122.2781272083337
57.90753723491147
105.3716832408544
82.49146356724579
107.69336320702985
81.15835216297376
77.74365007521644
62.631371580906546
66.79871088681679
121.85656094926944
63.73234299894264
39.737630045127446
78.50176769979922
100.0999895447064
47.86388197163714
100.79840891989895
51.43082001784944
114.66594627515319
12.074114797393719
74.21124312441884
81.97116210334022
66.41512674932213
129.87813911303508
119.25232231118994
132.18649170398436
132.0384619318411
131.17700972596666
118.25343276869668
102.0161151085064
128.9171413070752
104.66672406933216
125.37870493547523
115.94863049839259
133.82255263863178
122.58357188625212
105.49080072093102
112.92486461148172
147.50801856771463
114.61348178776822
46.40991699786622
63.839742215176614
87.81279857447646
117.56906727790042
48.12849102796778
54.338711789786885
113.82634921873563
56.970217652825085
84.75940522644387
6.785258170747056
147.11249115902183
147.3024214830907
138.0993355492674
114.64963379862851
35.88187677186278
34.6836117853135
55.146212921180734
34.83366354949055
103.16467975140066
29.10900536526674
138.388495193316
124.20317246510649
116.20405175721703
118.19813702120038
117.81330284946813
157.67325416908204
158.00887614886165
111.51268046574847
59.214228482288775
54.78677983970397
50.31329949785237
99.74160949602577
43.98073042457543
161.3502422569333
40.236916807144326
112.68823517964731
174.95884747113485
101.10384150336478
95.63172562123859
94.43030857276585
134.42365069395333
180.6167447418956
23.963198709730136
82.97471142824742
84.49222299848913
184.49507379694086
166.9571122231887
193.46879528517331
175.72125733291685
161.53633542900474
195.97521337778434
145.04599254376325
194.88142550194303
161.10886395534828
145.6048132819146
129.73661572359876
150.51661046894924
141.6192454613501
60.43860018673678
119.24295547958758
53.46123244962007
120.11075560291471
36.004540593523984
48.05010778603952
118.59445893650297
150.0336056994371
120.70494161719668
29.746693232264818
44.83134165986485
154.97937212044832
152.68615459090708
126.00106160137815
13.655211557779296
147.46340335465675
128.66613847905887
122.70616364820881
112.42803693648779
112.09800561482064
5.446966976864928
135.42002405940764
132.38718716958385
135.05739262560115
204.58591169982975
198.7870201544451
59.95224826857003
106.81607793878447
73.89282432109906
169.43265829229165
39.75837904214245
70.03740101640392
77.41791523840078
55.72894411828963
54.90465515071861
203.76196700316243
54.71655805446585
113.6597043610102
66.12866921717165
196.03602029872437
95.97382797757427
197.48387341700425
84.02956973850019
163.48636326289693
172.991824035123
83.037699775068
172.35033103024034
62.85954142109796
182.91296260019857
221.08156972178725
176.79855361262764
179.8276828250904
200.2667282309605
181.57794632885452
180.6726578106638
56.76616406296
182.8984093265321
47.219508712876404
172.6333466681428
186.74276410576203
38.45608948324076
41.806258005252346
168.03536979784923
34.21013173104478
166.8105539949645
35.1216536146718
168.08933740012668
192.02811038795295
22.614143687743535
154.7139343500238
20.06113821930353
148.69347965163206
10.739183541616228
150.81743112909652
9.406888958221202
90.83670313219011
183.9217485284525
6.0
180.64562491910982
181.11606557512675
6.0
102.29395549224313
4.333648214912728
5.861674713253194
145.3023485846433
232.49791891030515
200.52047987401278
95.83532415273959
220.26515660417328
232.06098616737103
234.6102500988548
210.49712809303315
237.2979438881702
239.30705056833165
91.88691020475136
36.57986975763151
57.34386376479006
125.62058814395994
121.33333373882675
91.35255193819711
218.18229806424768
45.9682491032267
215.55648822193848
225.20359390594194
226.151770089909
226.85125895944236
12.12927761998992
219.51083508543144
225.20493449918172
223.30290373255832
221.49072387796093
172.9146793919051
227.01759365485702
129.26385441833588
177.42470042774158
225.0512625390087
215.19696184987754
166.06599109874873
61.08727547241273
183.75732060854972
226.22997547720047
223.07221403658644
61.81657650036556
186.56294920846102
228.18657476094904
178.54555927202983
180.02416089928562
230.68664934257055
47.59282479874378
179.38253341300947
157.71081779835657
40.831425921173036
156.73130317992025
147.11892526701916
40.63911988566281
148.35149793262548
146.16908146497326
148.8323495447416
43.27431102808441
193.06735639826928
16.991591612265438
183.63278516983445
113.86877925289508
270.69391527284375
101.95529634676507
103.56397945280048
61.994515716193746
61.86523425540122
84.3022346847182
106.03610698205296
113.46794136074317
91.06676867318868
51.32630223523711
90.11229087077936
77.9574771419102
62.31199729209709
55.37783958084492
292.5305312273608
298.62352653145274
294.26376675640176
285.6146261210699
299.96316379827095
292.27606667736137
160.69481356190812
158.5801666324362
6.1320039196270955
294.1288825164534
290.9432003585438
203.43941218051566
8.57467745951601
294.91627563877404
204.94042134570321
182.14059280955343
285.5126209222618
184.13551341883056
292.3083755476831
177.26636712159507
67.97382168749346
75.63123142487825
148.49504886513375
72.82884402783873
145.4760601822386
291.56234749774154
127.74887831153967
160.04803462294944
141.507270672446
75.50321567879394
127.18689580970238
6.0
127.45845773042026
68.75454486688784
170.12822854196816
185.25857223931115
57.18853157283104
76.59339360741069
130.31539848522948
337.21900145150113
321.2896327773109
327.9743118796522
320.1364570416375
31.11530640657986
80.83415280624081
37.660125121049646
48.16898207791053
73.53251405815843
327.05870391442244
334.6582575317929
143.33251381947377
136.60327877989732
145.10116092018097
135.56701213536985
136.6181244270182
133.10487972752594
90.7744925341674
353.562682103423
129.98286758344102
125.5777401635736
156.13303440959749
292.5264304440717
83.28749772688593
160.69411488356286
362.82935425165863
191.69435480522384
361.7995399256328
345.9806671436512
186.65834828671416
336.7243077358642
92.21335410932409
185.64824426298037
92.32192734430225
187.23712319334356
341.16015003584164
181.75063065817176
51.78919959016332
338.2513331076977
73.24146416387225
182.2125565805402
75.97916947928343
184.81644315276003
330.124590092001
71.14565663956239
186.71162593626173
188.5025967240207
179.67753192893792
175.29180753607704
6.0
168.19988953648476
56.76726386430073
6.220670098673395
112.68318828102827
54.513271721548335
172.7734501608055
35.23078237936352
90.53797496007451
6.0
160.42450222127354
401.70045751935015
359.1504163329511
384.89857113436733
380.3205182039744
107.41249643934032
363.66108191030924
30.55267782451085
106.89570542884405
365.4949409710849
77.03798647995598
77.44669420230866
364.08899095312074
341.228736726529
56.03472131600222
324.0430087971071
58.36023873117995
115.89812807278736
58.12924877921023
101.76240826069909
88.32297605934264
360.7707902780382
155.9524137499934
67.44098853973458
139.8554809211421
127.66176169432526
332.18866280182965
250.12605910030447
127.80660862261391
233.02394911744022
128.79197000008867
361.6137203558502
243.61295960914754
93.45544874839493
224.17937310085324
197.96626315363153
366.3900294894057
59.51727845566052
51.4631654028334
216.14056471066988
209.91352277381645
39.910065611180016
183.98001290945
44.43251834053933
178.0467287746469
368.48121178042186
227.83027181534646
226.39714880876352
205.68515987270086
6.0
186.11404155752018
7.287061046421627
184.0148155653909
186.1602214852452
175.65969288238
175.67436864321883
131.53021461957428
418.29026095710196
399.15063151806095
421.11236316552504
397.05694944823665
420.3202235634324
416.1930446371267
412.94822973056785
414.66778392076606
104.97645550180971
398.9226123320748
91.9166170545019
90.89397462663385
69.47573793575634
140.2974671905008
421.2777950583732
421.2197593870644
391.7916739915257
415.10138814988375
396.68565985023963
407.74326334427917
55.50674466185592
393.3489793711134
155.20654120210747
396.35006426327743
110.50152148457539
227.40561132191476
400.6582832086709
204.33277162252978
232.02886477778384
396.1789403912087
244.92454028944564
399.3904611653908
14.582520745630518
202.54209671148305
6.854227632576794
182.30981644720384
61.40800853110977
217.8854330044212
407.46527590371204
15.781704505686434
195.70896108859847
196.08270183483626
408.52961035463125
10.286276989419548
191.9937070091628
141.53608182854498
196.52119106785722
6.0
195.07571462102987
3.366119287107608
197.27722272458504
199.1835532245343
188.90067342925624
6.0
191.21432880914563
186.1722033857219
451.3723553983241
427.5638477830213
453.0673710775169
427.42706864074376
450.68741764077924
426.8419704931853
448.8255602593164
412.3729622680968
84.46762107186487
51.15109872229789
453.14780312428377
34.319075685077905
123.16251454895303
76.62724406803738
27.969975195177426
55.606203872193305
39.172793401039826
77.66204746323012
461.98894276903127
463.44302623424005
429.3777282203504
63.95964181702914
462.38137373816926
412.7358367957469
465.0480129967243
83.63361168738015
442.6164442241168
433.85181202773003
224.91789427274261
445.08981977164
436.3156365879819
217.98406118721198
441.9050068752273
437.09215400983464
217.593670872678
257.75775994641094
428.1571681541092
14.306682162947936
259.0591118000466
29.379021763932997
44.09880649630759
259.2633186720061
428.5669029291954
7.281371023871088
249.8167020320402
431.63223663248687
6.0
16.074296138928275
256.2152459396824
231.20058612341063
159.54415244614916
261.36270712037856
228.96042317447598
221.76260545490516
248.30264942303563
220.1001499285219
6.0
239.6018666563641
210.16020444373862
6.0
244.08212003643678
7.793499542873633
475.1230118356175
472.4778661714902
475.276238249607
112.56537506470977
30.92981611809205
68.88658000888154
41.23100830199837
486.18758839201655
485.938728526574
489.07005648553445
485.57383905277254
487.9507222717108
43.027013201925
490.2553329093463
498.1815919021649
496.34903161315265
489.69573337848453
258.61095456368696
229.74107083569277
18.58431337443426
468.4845421547525
232.41397798625394
496.4166521630058
481.45672315751074
227.9456751999619
32.753951296665264
64.64078467106197
211.44335537303266
64.95329694927227
191.8615335394561
62.1827759673663
193.98732499904497
30.107961494497204
227.62526062479026
478.9791136291377
56.92113724511228
196.41087927722538
49.44927831681525
222.61628122899742
49.95350153657091
194.4675783095305
223.90186721747295
42.37587664889179
216.83009764815563
38.12054113134832
222.61411822008324
197.64393265065087
6.0
243.64881412663226
230.29500026031292
228.2465885614099
542.6437607305747
64.52205395779197
529.2938090866512
499.91421031226787
529.0109194812117
106.79883911015258
56.50403808324586
525.4555911059795
76.31035216207238
516.3544665298298
491.5308110388888
117.24494318888878
39.06593746163753
77.84875286786882
493.14793699196866
43.2486180629096
91.82129193034416
505.918832550448
21.426234982117194
67.2492258825016
501.8217805538744
20.911047069608003
49.31115770414954
500.0809667445983
530.3305227058547
509.85195061893546
22.883599935652228
522.6594829635943
230.30677066258022
278.86550982148356
522.0128315045018
281.8200269267563
523.6811235978084
515.2132777068083
281.68506700569174
58.19821308075734
38.32054035791066
54.18286928132147
215.89160653605063
519.4011481389599
227.96354431606574
520.3765047675571
38.99116991370943
219.66248532698773
53.71193866994031
224.7703985664782
56.619608799578145
206.09339961289788
55.42350894997435
206.860653955918
52.0434954947259
269.77790975556604
251.6253553991969
50.38980435236999
243.33525162117667
35.945165049023444
230.2171911374112
290.84612193843714
241.86482112480053
5.816497112084335
232.19327752268669
234.1209119290379
562.9318306237318
562.6794276300169
563.4070481111426
564.3162897019207
37.049076209601935
49.91690923247347
47.499960721005436
30.229761283285143
41.579051942684146
65.79561569416046
26.393152794493062
40.00152198260457
68.47898766873527
567.54448863173
124.48499576462541
569.5381988597358
126.7039143240745
568.060445970774
104.67056720330947
558.6385548026647
69.40350842606222
543.8907125237079
33.58597377564479
591.498850492033
542.7971928099762
589.5570503626946
541.8040807315945
271.26765781668905
527.8860224507155
261.9527217435698
254.31004901315714
519.9281325853217
546.9862811244136
537.7763835441908
266.2391634153846
59.92511049896348
57.194115106967274
43.220338852934674
259.7798416598325
32.905768469109034
267.31414760674147
253.15010563247165
539.8082531559891
6.759828985470904
270.9148578248096
3.0673537859302087
8.19013193943124
28.500448189893177
251.10309634870077
4.756303930898412
24.986222133356932
265.32650875151126
264.258311975899
259.77210215829245
6.0
288.5283575873275
6.0
226.41522713973586
248.37006238919048
262.57977309364856
240.49884208616436
234.27583148195413
588.5424410132806
589.1764575264657
87.0297710369673
591.527652092387
70.6701799126306
592.3311939074134
566.442516290643
105.57352506368738
103.27186472587823
88.12608156965803
579.2756261274509
3.3754459512185804
30.526499869415147
117.55407227980731
126.38281031973156
62.485814409964405
96.17054468037054
96.469332985959
94.9203367455284
79.15086924692446
67.57510348041251
580.7804919387892
602.7320808935756
580.0979412938904
600.8160043302084
582.0929516829714
272.48029198587824
601.3421321277775
275.1276242077133
596.6414772571696
576.9959298504502
270.4718685847872
582.5047554199435
280.23606357744893
273.71127956879286
580.6924843298656
34.86434784541052
51.574695254700146
281.9128401052142
57.24950856868713
50.822172174020125
250.61492156108807
569.441752408976
563.0174698225009
44.9457963412724
6.0
329.72395109636227
567.1147621885231
8.579286876162314
251.62111217675078
323.04959005397404
5.536731678425667
17.72900264187797
317.0877023384537
19.942708090871747
306.4285068142917
245.9236331908137
239.05685130643474
242.41214965663585
215.19724362862257
300.41375592139207
270.9994919143612
628.8658110526918
627.1552635800412
617.0186154879563
113.80256965789317
89.83848595747895
80.41511988578077
79.72960165163045
80.10190521428422
599.8712830544137
73.53629825801431
616.908652785359
83.76319019391167
6.2055060170505385
82.04949727122585
615.5353147570562
3.3938745069856395
630.3225847422592
616.3533381858999
630.367865851121
618.289251727322
611.2987617758953
57.96682347433648
49.6197848396223
627.2104956063617
349.4435538884386
618.6771619960656
55.72716744177819
356.5681128264364
253.45524394331778
616.1071132075662
327.0082738548383
63.1759689814337
258.8877426589745
3.787094224905559
286.8170508848434
53.96157803476308
259.76283438983387
610.3213095400108
56.84849118256966
281.7245100354753
258.1496550628667
611.6785351960896
324.7315199179113
7.307017504896066
259.6817239222271
34.241025199167325
325.78901098315714
323.15559733643295
12.75520796562455
309.27904470796716
301.0588943094067
301.6957493504949
294.25980805174186
292.68469511498506
666.5548439880023
660.3172984540652
662.5645542962918
656.5350244337012
655.0546722026257
120.07772263324136
114.78454958516295
46.95523591628353
89.88310765659321
68.54769518598982
36.45828391759005
655.0292056738253
136.832085617938
126.97459596444583
122.59005196848307
642.8227888538052
101.62654342272708
103.33275108366888
329.96956367497387
17.654380503946868
81.13455266287338
626.8887625754055
349.0693008833482
70.85784740804661
628.7602931661326
330.85608550987286
71.04526226657936
261.956979239513
48.25666699592625
631.6716906076867
52.30577178710382
59.79277646140008
319.29192710875236
272.9488137188341
627.0817279335315
323.4497307788097
53.78198567261529
321.83018104905295
627.1875771307625
27.38411307894671
312.26273260977496
626.3647961656272
18.468546180604108
29.779497465302256
312.44683743624114
21.398051046052615
42.29722904447658
28.38244739454376
286.6462049901188
346.2282521831712
20.839467033639266
242.82953008232516
22.193913418934017
245.70480373495047
6.0
288.91624249406505
4.872171492547523
243.44813151296034
291.41838155426035
7.970379587932712
206.2205793277169
718.8509044663642
716.8569940848357
692.8479669274421
662.1341100269547
695.1685865950099
689.9880656265802
687.4595539368347
118.38422651770884
682.4741694434485
124.75032335892934
70.26732582617865
109.50555298851009
666.9465545889591
50.95769098662686
97.81462855616633
39.97059596430336
123.31600989777553
671.317063445261
106.3028086215927
650.0463908822833
690.0026077778837
688.9473646849174
677.2245503254303
314.7151164270292
146.78342913817187
679.2890230416963
313.1226222735902
57.50382085876913
674.9054523604677
261.8586956634256
690.3646981445536
677.2177099065532
316.89014800649875
678.0715238598539
60.839730922637045
303.38267955995275
58.45653162238182
298.3640113487445
677.6438105540428
671.4138168028999
300.24338596004145
281.34084875221447
673.4938336197204
310.86496979947356
9.973867377473653
302.0893743741308
4.04930280137728
36.40695443336608
300.23495363031793
28.349795354046137
299.45896679515135
293.2900562971156
74.46606589677867
293.7360138813656
13.975671927121994
248.79816314963523
268.3266287080487
15.091319673325643
236.21626016751497
237.00512129107096
739.0555685106206
82.79504888624456
702.4282215525454
725.2962171599884
721.4997778279283
716.7488113076604
698.8011895263419
101.31840395194945
100.75303778025363
63.85818119857299
48.47829434177697
707.7461416590183
70.6575990528911
118.89320711992309
58.32734500002039
4.452238843708301
726.9974618218091
126.95603266117337
57.49094409213603
725.9983238978773
126.67917345959563
110.25243999394934
729.7391010094179
112.18374394162197
733.09427066886
72.4063027720872
702.1146990397415
6.0
280.66456427738535
68.74406311312168
92.20885105840694
734.3558259181702
4.939444059001971
281.3247290889942
736.805263063997
274.59453718214286
738.30424896668
731.2944747287388
285.30361315706
273.9910988088843
66.1442178178952
60.66598625302299
75.00723009461058
302.7820992859108
67.03754314209277
739.3558403884317
60.624447605384375
259.3850744322792
47.12321977637043
55.77717306861496
305.61011276266936
741.1721581870718
72.6400715790985
256.72548270914103
72.21628583227948
311.4453407852543
242.45177867900952
73.5754523332646
315.3153842598165
6.0
312.8127174277163
314.49458300771835
70.50442830760335
315.498838906979
63.547934670110635
313.7453030575234
292.6220688456506
269.27353893568034
784.5543520696756
759.7044961372903
780.7511234836597
52.47137833566012
775.619632358168
82.66694951626391
763.0528740227351
47.08144893796566
44.18865796270234
38.979763997935606
54.10968687887021
778.6283070416184
124.06067332118005
80.85129911597164
152.95848739688086
149.7270173024483
148.89200589100528
135.0442210889364
127.58910932056801
310.1007008845936
119.76200293993088
789.5903813774316
343.98715854166994
103.0173365772423
332.59949512070534
804.3785539183727
792.7748909100364
242.3902584511029
792.203174294485
15.938639368411714
105.52887089519709
327.4379716571425
11.385275012603643
243.18325946735558
316.22874796377505
800.7702517624036
100.79205517175296
237.5465354778264
801.4109652776788
92.7668493722681
302.58103867667114
802.155248138529
92.55192607121558
282.0509874269135
339.8306197979423
62.0993805422097
337.5215256565275
37.3927590140961
319.51398217507267
37.22689719064897
314.7478150359548
307.03100428791413
305.84555262223876
301.9196370779973
21.8437224905083
302.2568902007729
848.7922684601376
830.3510115084168
846.5492559208685
845.4663385578237
806.6846503572103
100.03587180865884
834.8916232944653
99.50793666166737
801.0827377813287
26.603771645568713
28.39673181205353
38.23205023227865
119.1032278143332
834.2102514775254
851.1406473533707
31.101072590867716
842.1096120307282
844.9531384176858
58.53714590987693
843.9871486207742
839.4173886771864
179.86794078511298
789.9285093028773
181.86909298790238
144.4112033643255
90.7916298071541
6.0
317.8834759438562
68.37558432145215
323.8841274975334
101.27421488551545
270.39045765544915
99.00625425957037
843.3588144452558
320.9927250803421
846.0752389725267
51.90402444237475
47.87747190275627
14.85573712836731
302.8040073363627
27.323062586271817
41.60892450916481
281.43077345920733
842.1267026769085
313.79884112437753
10.689917055784917
310.7649386646026
838.261777275025
10.699713339614846
316.22505127972
316.04194678259887
318.91883259123233
307.13315378292964
302.8110479819577
392.56260486569204
316.33860863808695
309.3356389770752
308.01455694507854
275.2317217863558
895.5057288580877
886.7041814834224
878.8947182848319
83.55982883967181
865.1018268843084
112.09659996277264
856.1303153633746
114.13479181825755
854.4913167899886
110.72293608926657
113.64112598999918
114.08175864932855
896.2869502155302
828.5826647905383
134.12386505511677
65.57509272114294
893.7465730313813
888.910892123389
868.3050741713723
889.1338616673631
866.7743476034857
861.5668285936897
877.069889000634
22.775511167063087
865.9006829770622
328.19120070727786
117.22919231193623
322.37736213955645
69.5113833505925
859.4950393340487
10.098346426177159
355.7131675597491
867.1971430677615
279.8043184225205
13.685625001950484
17.558410280652424
56.982635527996536
360.5762600063158
4.59955754077555
267.0327590233451
310.4311574481021
258.98525369448566
342.3358893005443
10.186996038087727
249.66615589967023
329.54226043983135
234.57410296640933
321.6177297135623
4.271613155628074
5.309125082362698
370.6807648832098
311.83417488645273
305.38240519091005
3.784241363656747
345.4616945356188
3.152661551014262
347.29955291860165
918.1656182397185
884.8979704964195
912.58997181325
914.7075518624683
907.0928313491436
901.9269823489824
51.846125534007115
884.3259774817493
901.8110290018899
47.073266097360374
74.24109215975614
62.02976118490051
64.11181094457243
65.89235981313641
59.753890944994964
77.1524372832655
35.347886522042245
62.50231652135653
900.0619736727192
911.0150800112751
909.7576163150086
905.9614343061858
912.3445619826657
532.0741468043846
153.2253426796815
898.6450878120725
284.8835637005868
144.72876398152403
300.4541618215985
145.73306423877284
899.6469381913969
237.40655462610857
899.7505541772487
291.56190145581263
7.774708107185688
231.7939924225284
46.60916461055922
46.181496433951
296.78852444946756
46.5690541456961
11.944180283346213
291.80997687181275
902.2447078566249
891.7948448621567
7.327190562805299
282.72594766221187
42.044508123115975
280.4587386816977
42.408258119896345
268.2992661380715
4.963948764877841
35.130737079840856
558.3093796278679
256.4640191384783
31.351117802648787
551.2857234068499
554.4421780369153
400.3199469977885
352.08196853138406
246.54626572575444
171.69684622334717
105.3305499164735
130.3320695355419
122.94813174183582
923.710598742419
123.73488876108377
19.032576401286406
979.0107407354342
897.6259240060385
100.83721647097263
927.3900145106375
967.8426943678246
924.4359524867912
929.1413982572376
965.4944643356871
958.3103524632534
896.0225375521784
126.18926357401415
58.89468992044203
956.945607291666
898.6088463359911
89.93033371757292
90.88550519266619
52.964075850418794
929.7055213920364
95.23216855046121
76.57030439695382
944.2230854121817
68.04846977713214
931.5511653576325
959.1617761268164
74.97266373057573
935.2478891922633
489.8141140666776
955.8913602701741
327.37079862344785
113.0073211017534
309.1984243830641
90.30158129947722
297.3235203210302
927.1928159756321
30.405201840956124
57.63071608389055
315.65616961095566
929.80066109945
21.303907347004497
39.491047723529846
309.1705444850836
24.256330023372357
307.6870383787614
929.248304961673
20.137299637494834
307.1841204804182
930.9856925312372
58.52133969197985
40.11764424831563
301.0141309625751
916.005578592461
25.230181687747063
293.0042839925909
280.54439877408777
282.81751550702484
43.450960432517604
284.9039996479514
284.513781834572
278.49903797654815
352.10600892640286
259.95421697786287
7.353681012128618
256.8614275495297
6.02042105919918
133.16468295234745
941.9687175295171
30.324724087850882
984.3624956331143
982.7374024483936
943.0484177644723
977.660297870447
939.3121607152493
110.46200285472787
106.72874645393176
109.06182212995463
110.08616603026121
21.119056108484074
79.6893988466768
956.5607839893457
70.15768871238879
958.6129781966013
72.12087797187723
44.348354660372934
974.3278026435696
967.4515584051876
113.924882567861
965.5119787592275
107.29952451819281
84.39502059779034
948.6197513141583
946.5767938706035
574.1496271497679
57.18160691732919
951.3772306407445
304.4819124572964
955.6899807028151
330.06661399379254
269.2343317145301
52.413683278789904
310.2555559216421
954.1257921837384
36.569250210412065
65.65401480863738
294.67484486743706
30.026928018755825
47.11405324957059
297.2107689915897
285.2981184449136
23.94178663065304
959.9702752570765
10.71277624856748
32.40914701163456
285.87659996188313
6.030088147963397
283.0076940670342
9.645870130448202
321.5787829926321
18.636647393862404
311.6862602526862
305.864155376546
464.3764663347247
6.0
284.9381758982463
611.4740709832556
590.1974838797919
580.9901689948881
1003.7068198767695
991.0046242044355
1005.5142779829082
990.7496785165879
1002.8638581485598
1005.3934922753747
1005.1140746428775
85.7458549483722
994.2182241244946
62.13164788747099
129.3010396142049
106.55759786439148
63.870625595220645
981.3826087026985
7.91424363039323
1011.2882881927935
998.2075375868701
1012.0050962184212
999.9636683572182
997.4818545804178
1006.5444377972992
1006.6920092137864
1001.6957669833307
5.372972519816813
310.9090606784325
980.6406707726669
342.8249233290858
986.1621897530276
998.7577196245641
344.6194471766471
1002.6719227282133
996.7686045919768
344.1481343906812
995.6988576941048
29.546860228682363
336.9146358947896
296.4085017977154
316.0683588634156
307.0781909375828
24.07867311975133
285.7848845788985
1002.0723154800744
318.1202961353197
3.033402403494165
27.16238150534673
311.45934093593405
644.1543391114685
291.13705541076206
276.8870143476388
277.337530983486
6.0
275.51867448439543
266.9974761427161
6.0
266.7245726457668
1033.5564699253844
99.95496025477314
71.68101379419204
100.73464167866996
62.73918498377043
61.65911057575158
66.52521740864358
53.30466594043537
51.02198579367905
1050.9407935150991
49.5938165726684
63.72545532496588
1050.3595504582506
1052.779697306093
129.5514303410473
128.3322314807192
1040.2720544976942
95.69345226704445
1049.7540443539563
60.50747275860522
73.96215426488834
1053.0230706709306
1059.4861529670854
67.60589074286418
1058.568365017589
1059.2715187758952
286.2605705953779
303.58425880822415
306.06333936367037
29.23390298679442
1068.0178753668738
1056.5969860931302
244.1490724227906
65.17326064843883
63.59678188594489
360.31583083938904
35.847661726756996
241.02620278879112
45.438441193409744
309.8382464148908
235.64701043485593
324.3532679522432
1067.1240821865701
6.0
301.4463609105542
290.99112349112147
18.092893408299005
287.33067023606236
289.1004018372146
7.061089986604202
322.94209468890676
6.0
293.39235603392035
286.9506772646341
3.1068575715812585
289.52651073058814
292.3384871744356
67.59593401523625
1107.396782022766
81.8492015802617
1107.2879156553724
1110.152067223017
1112.1735832479749
1112.7704000380775
115.49272610201024
1113.9984628102616
82.38499828122804
82.67749232684446
37.60929567361654
59.759203724592226
54.95961869567191
48.97636926595942
138.46916780738593
1126.4591040974988
68.9776375712122
1125.743292301681
125.28034173603783
123.24481846635945
103.34154270921681
1128.355394935942
125.22532812445024
1128.6838179132649
511.9260050138887
114.95567660074948
298.9840298125946
98.09522070855701
1102.4300939451257
1128.5491478761096
328.4993657883574
77.29919728251753
1127.7012687075987
246.27234736779428
1108.3785113761246
18.1636909172571
29.333426807093474
290.4520130394276
240.00855428823616
63.33573682111319
295.2187109805068
1103.1126838606212
17.549458473885352
64.5984430780436
228.84396709911334
1102.0709975492132
42.15414886741564
290.05131717436734
43.29036360064492
290.8471484080128
293.35988074052966
327.8369885292518
26.124598083943965
321.2497586664772
308.78568507740374
6.7205302630973165
303.71358669125357
4.688912839406839
297.66989267970894
295.7285953915548
295.2747306731253
118.9490475448888
1201.0542417118247
1122.8788908814663
1135.661867751425
1197.5693634441895
1137.1675262823585
43.96003915416668
1190.1642058279624
1154.1839728575194
1155.7788913083878
56.51227333642237
1152.3006188000563
61.643626252517606
64.65205983075293
134.78902097632272
136.54634982366815
138.83692630714677
1159.0738250995164
99.26449576073082
98.47632937748403
1124.6974140865866
1154.3103710247424
82.51102441385319
511.88466042087794
1163.4974527100783
1147.8693744468371
345.92842079413504
1151.3777521504337
1150.3873812638594
301.2055942398674
1148.152427271448
281.3515964543767
1150.1169890088981
50.54331801006765
325.6172608085785
74.11574047542263
1152.8357411554705
24.516816102031953
274.5684944685527
306.5498097278405
1147.169123344466
324.3515646927567
1155.1441727267793
16.274516384709386
305.7679886695505
299.794427571866
320.7430698430071
317.77399185415516
320.7331095280674
6.0
323.4870857746632
548.0379945237082
317.2731529730627
307.2242929672552
295.69333539137824
1193.8318668262257
1169.6926770611556
1195.9006844360974
1173.0017019545012
29.51920933355177
69.95382084238145
60.24151611112757
22.782126085452546
1191.9323588405543
1179.2183160922596
21.789421178065368
68.1863881093941
1196.3436090415535
61.19083351546942
11.358178974396651
117.49645241960388
1184.028589332888
1176.094277933546
92.46776992349805
105.77151049639406
71.36015390948705
1185.6264900038436
1158.0520006397533
48.22614144334648
50.85210751163049
1183.2859658090376
1161.0731879902798
1187.0427441091126
1181.3101655023559
706.6726168590021
1185.2850334343032
1179.7495761919906
328.78565722496205
340.041440050868
1173.2537839909703
300.10448872458073
63.033069937572236
50.37369637137044
364.66928084297524
54.5900133162545
290.65628503872813
27.177217360844224
39.01554930208977
352.6027513991339
1182.6421014162618
1178.3220972538104
8.489687412725289
288.259001416116
29.842393254029503
39.93718747190269
330.54503409394374
45.95522267011256
37.51436506519167
279.32256736479576
370.0783490915396
277.3421415214116
32.08299908926665
328.9835652241686
6.701777529800438
27.657961035275093
311.78592453966075
29.37628848209897
303.60078178946287
302.89256782147777
25.329066769816563
576.4636869692918
320.89754229374967
1233.0150193699978
1223.5597453416492
1222.8002713667145
1216.2276721050346
108.72290971430948
86.7449823537454
88.38023501562566
103.8681446425303
85.23516212234063
48.52056556577509
47.57752030040501
99.49991888345266
1229.5792467798365
127.00304252913747
87.51396344261502
1242.6112839168993
85.89805490481922
1231.8522009679182
80.32165318468924
1233.6192429962018
133.97730023144914
103.81286316456544
527.9244648095028
104.55925417647131
59.92057068146096
337.8452474557648
89.71230422379767
320.34046764049026
84.91621695596768
292.5093196437301
1236.6721847597635
44.55036781832814
48.346231205667664
59.03112304223987
322.51768145101914
1238.9147702492667
278.18066926900747
325.8745243921876
29.522499243755647
278.56107696294157
1247.8181818279668
327.96300690238513
1243.3589612912042
265.43474697383544
327.96491978675795
6.0
256.20169800997064
6.337439955971604
336.33609161114236
6.0
376.0516355197019
352.3288174023023
323.59855650447753
4.050222124968968
320.8573712407974
6.0
306.21192348393924
1311.0973886568422
1268.691162160274
1305.9986735508414
1306.5120970145258
1304.2088880009653
1306.2233826296854
1280.511523628683
1306.7552974649518
1260.9773240696225
100.6948459385585
1308.7387156112543
102.23289780014466
12.25002200292738
1304.2810045513238
1289.3707864133437
123.29886191630294
1292.2763896002743
105.25438607174237
1293.2223457695625
94.47240554854716
1294.5443375594589
83.98891810244959
1277.7097693298467
73.90460039942582
1281.5571393477223
66.13693575915931
106.44547051397467
534.7469795383786
63.90462534408152
1280.4137635222032
1248.9324903118775
320.3248762695839
121.84703737444715
320.33264438243805
69.26314487901709
273.3044322285682
1265.0610818911696
28.690443007078102
63.59596633791034
317.1275856275847
56.25141945064115
273.17272100130003
47.96317780386062
353.40277233065353
288.02801205328524
314.3546684072203
1267.3836724242522
21.185589135528062
6.0
276.5028792101766
17.364213207818466
364.3405076746558
257.6750805983729
6.0
350.0576214207499
6.0
314.0699910010935
373.52508855736505
320.1959113128173
323.03662089872796
584.6539274553911
1336.988888732956
1332.0695905838343
79.29262955568038
40.91078389570839
1329.2034011353192
123.88310703738989
1329.865161387333
1324.8612572258005
33.96837297053935
1313.7004003859674
108.06811958843991
126.23314595030706
46.162718713939284
106.94159580865653
73.03060346084021
1302.3526128197461
72.93463884481253
1305.1519130391457
55.49425507911292
1289.0270676418122
107.48615190141754
93.61510130087754
1336.0442604716059
1303.9845755660563
8.810102660817392
1334.354819011095
1302.9254473315193
565.9246743683138
1334.75833377406
309.0972031150709
1323.226779789593
308.9344609229511
1323.2238924681026
270.51496655173014
59.394012251347704
60.217840800775775
312.4024128668266
1297.81471185261
263.63356901482393
1302.5063979267397
364.69791314478107
1296.2065673131742
55.22757778795403
253.95546976334572
1306.1839735305696
53.97931810777254
367.2299707741663
240.29645481965053
343.27321958609855
17.319142447345712
370.2666462718439
308.16268510046757
303.92383017499924
15.444373399110646
332.35969994241213
14.607845333117893
326.3662667433782
16.99563735707443
320.3852909011198
17.885234202242373
316.6279554065868
1365.2308239458362
1359.3367259937081
1356.3428760511144
1358.657520194547
123.91521599490352
91.49011973599636
87.79841071790679
70.47072110363888
67.43862687016463
97.75022308228608
55.942237798980386
18.410069273907993
58.73330836801142
63.633403737561366
1348.483348225742
3.065438138467016
130.97180015251297
38.06283625265769
5.829357327678736
126.2261353889603
105.86957584921402
75.24201979773943
1345.9343582226254
1358.4584993151798
1310.3349093879588
1354.4188636639653
1339.1609417074678
597.0688999866197
1344.7253779961545
1339.5153375911489
6.0
322.50171962696686
1342.267658790948
339.48496135796586
1312.8868648991686
283.43379134013594
1345.5563131058786
64.14301474039394
328.045902160909
62.74787253224258
283.57797893360157
55.23291257985056
339.48275636373273
1341.5365202789683
263.2408304061464
318.3926734474303
1336.1456847477905
52.65967020299831
245.28145640220782
362.2797464388909
41.33335577841035
351.02057790960043
338.0783434250088
339.28218906231905
4.474122011845793
297.33657933195764
338.83349841117115
332.6934255465817
402.94362903206047
1393.6559236382668
1383.9145133873315
1385.5927452148153
89.18467166602113
1377.8677791625228
1358.4588132956328
119.51642655179649
121.89104769519645
73.21404115035875
124.57966666139782
80.21597455558003
72.86006264402113
123.40516918220601
120.63294724035677
1381.5917314506912
120.65748913941616
1382.7931809703703
85.74692859891093
1379.7400955916364
60.578368413452154
1402.2223900090735
1365.8628052039426
84.03914760514454
127.90658786290851
1385.4759218873214
122.38715286285333
1383.4358274316464
562.6212877345588
105.49701703589926
1383.650394113793
340.12981172841
94.84058996861131
1386.5698041716632
365.20704797716735
67.48157472840239
1367.9139284494163
227.06834405344307
1378.9759358298866
1384.2367756447416
25.514948037794966
278.1727322537031
35.49861313242491
62.26873168688371
230.08684075560814
63.30560172714013
309.3007543161443
1387.5153439608844
25.513162543206363
231.55555798322393
1387.3639107689792
308.2436607152531
1386.588948943836
68.9109095069989
292.1179732460255
46.54080910250241
286.85760257946094
278.2604206189808
280.7805374757295
269.96417857708
6.852821350546492
370.0791527703018
639.7041680103603
263.1713490769421
601.5690287716707
1447.9307549153364
38.18254611246766
1449.9566449149188
1441.2364500587555
71.1819599788978
108.17918359917257
110.77057345382536
88.69940179039168
96.47817466764036
44.29531192658624
41.978365602658414
125.71549819156462
1432.7577164840031
81.22400214204936
59.705632469376724
122.65764093863754
1431.4961038619517
1437.067995860376
122.35884026132908
1439.5294791197498
92.66272119145015
1433.3161365069586
82.61119131791202
1434.8620347971764
83.25410836079936
848.7957937705128
56.775346984238695
1391.632192504348
1427.5744671444186
356.4405632622784
1461.719976669202
1429.210546440183
344.7448540302398
1438.5688518507009
1423.6831857688985
236.31676007907754
1413.1904261756845
1419.4235295069543
26.747112593044676
329.0778283605109
12.313277453413775
12.28348071795017
312.9587632544917
50.84508199035281
354.36026732590426
47.750333088895786
316.1345327495201
292.2847013853766
319.2436530813843
46.97417181645733
298.29543064016843
38.90993664466123
269.9388495564808
272.25333221378423
577.4355911676262
566.9313793063043
8.045048423980461
260.37829431291993
551.9904452050264
1166.938139385591
1454.6843166067933
1440.4971186905614
1442.072871295125
1457.6387582692546
1451.042530256309
70.42833571485698
118.59753261608466
60.54058067728147
38.18099104329576
57.44663251817565
8.334467182855406
56.074146302371446
52.989980070139154
46.7132223507283
1463.3152332695095
58.54226466420414
40.03634409970573
1463.6610805299747
127.35931032225699
1470.4138625474047
122.32550178030169
135.01077838645324
1444.262909917898
114.04361930772166
1463.079751058494
116.60463636051554
1465.4028002196183
544.3336096119415
86.16048208515986
356.9208916866128
80.89832404289791
342.4145777994854
1485.9320859222303
1465.6255768595151
287.39064032230453
58.5891266627591
360.24708202017746
1463.191350439732
43.34069027525311
251.8742397847377
1466.9634254556622
8.930076357474718
39.648625106663985
351.61123106707237
10.72645835747926
232.17575569296014
6.675006502218366
21.022114808437436
363.96428971484147
342.2786341328788
342.0960259962085
326.03847841960487
6.0
313.2323861995783
6.0
309.59971569660047
5.238879786401412
333.86019011598
6.0
567.6097436464497
298.6705110565558
270.46893141440023
1524.8853552189903
1495.0977196719682
1523.438560475051
1521.518541337858
1491.8483912629385
1523.6496945170584
25.46777276590001
1515.0023385225882
1504.2087764504754
1513.7467524860435
53.11631477060109
46.31891200508835
48.37767645695976
1498.7918052656914
120.5346281444422
1512.606429965154
111.34616105068699
103.22664902286897
1517.2661659123887
1527.010378884257
1513.9553971147607
1523.3961383718533
1506.8992085796517
35.45422049351782
1507.728350417217
840.2316557239919
1521.8014628698866
282.80800482109817
281.9077350790826
250.16269056617512
1515.6700311449722
285.93950634902467
1515.9201536495957
37.28517895852383
227.8504440331858
1510.6611733905565
285.4103045060747
227.63733662261166
286.01479686708717
33.83215302386088
281.45517523995613
274.8847530567832
57.21712734519497
276.8205214929958
325.12560358975225
320.56772795099505
1169.936711601376
31.04937877864586
1131.278144961676
15.158532095962528
550.2420098449538
295.796826574483
1562.1949093081075
1549.9205828157774
80.58940982718923
1551.0320127522273
84.64243056226314
1553.0466243608416
80.33328139610558
90.18067257201119
73.53132477972122
54.08263845293459
78.86103459927472
56.90164890879396
78.91676418278166
45.74182588467875
111.33341097417178
1539.842317045447
1566.65496008437
101.89569635943053
99.07275795956411
1563.756980179361
22.482023005347855
94.27470602549192
26.089872845780064
96.41661626337009
97.80497834951711
91.35953945619713
1201.3455239242726
1582.484624976862
1574.1051748713944
314.1392191354248
1578.5831071088392
1573.0157592417063
340.55015348443567
1571.8556533160377
274.52975770539024
58.971695196059045
58.43900285876725
310.1805560674957
312.65239976773364
1572.5134808069247
28.410770675615822
292.00911956578057
1575.0707021175263
1570.6659727096903
6.1337716486400495
289.9969582424128
289.1011145488469
6.0
265.72260125817274
6.0
8.312086398635984
264.6264215908168
901.4897694688952
6.0
1018.3503114681671
445.88626972414477
1000.0632315096682
884.9052054672643
819.968294154934
6.0
1147.2404074603928
1616.1815462529598
1616.5627136191533
1616.9854169237678
1608.098355004704
100.58595588120306
1611.2759621985006
102.8461561769027
94.6640833729848
81.62818655816409
79.26926071171692
60.28733843048167
38.26539710813222
1636.958196189018
126.64061037179636
1641.7665038678715
93.77215637416703
1613.4469760222069
1630.22054832937
132.75591183171218
1629.873750299882
1232.2245685884395
97.78197296838243
6.0
324.0703654903241
117.20943051961785
282.3752110649443
1649.3863447129575
245.11101295301523
269.6886031937761
44.32897324437272
227.53175008306198
43.45052735575973
56.14229609521999
310.3210778306352
1626.287174193083
44.59950991677988
31.0771896529659
226.57305725100878
1628.8626807665537
47.000605009096944
313.4399249617077
1628.0423701985924
40.24626166818962
10.062150342960194
314.84721636925633
12.484274813604316
312.84743965926145
13.523920935043407
300.9198545535164
37.059437773996706
6.292799798975466
300.38927032264564
282.343678768535
284.9327798857389
286.92508734587454
7.539470847128541
1193.4525074178823
1187.9568974291597
1696.221963706511
1697.4434940539986
1697.7729887272458
1661.8405960947057
1700.5407004148028
1703.1583719845444
1666.7436330471269
1700.7581577528636
91.4650357903106
76.42947663728046
1703.5938530662338
1656.7045800485903
1697.104570768623
60.3729604115656
1690.631144954742
1654.4133647174144
53.837682877276166
1687.5828160370174
100.63661586778562
1663.8096811755686
135.95934594544997
138.6937261550397
82.27300288305423
22.940144914125085
1513.6886658547683
1694.8862207536313
1671.9155236850384
55.13008252185
338.6030231498512
1690.180311741307
1668.5215257284558
10.581408771642145
283.69814945438293
1692.8558511867732
1664.595708807316
281.08857692467564
1670.1321741703873
67.47516432869133
295.9211622633379
34.062343863553906
46.09114155216366
276.3957821378626
11.645871256857845
46.830783940588844
285.8575869215524
1677.5256368553196
46.39758892453847
276.03366290076883
38.75058442180807
290.40270101997976
33.50787602909895
18.203825889543168
264.14654810328875
16.24306884911948
10.142526765132061
294.8310400877799
232.3492992934698
317.5989358698912
317.15232774777814
319.49648521921745
318.83093178936906
4.641138497460815
330.9087812962848
6.0
311.3933243719507
1740.4569900066717
1741.7319507224233
1708.8699804414846
1728.8791250211443
1706.4816167814056
1730.0031350665872
26.783008165598858
1729.7662772633958
1728.773891962756
1726.7931116536583
115.63766610797757
27.143886773659688
115.121676719697
59.35645366226163
105.37056928813536
1693.9844227967824
56.95861230054652
96.03975111818681
56.9712031509348
138.895433019125
1727.9435145970392
47.6336182654245
49.14316769775451
59.92205016105527
45.023798275712124
1739.255378043274
1717.6191255466115
1696.432045039474
1739.031783356831
50.140395945186356
406.8457983423841
1726.5301206211939
1714.35056769399
345.5961020444356
1713.6115110501232
327.32733587342864
1711.3647431333416
285.9196213636719
1709.399606178692
50.001366393251374
60.18933973009189
284.79796328809516
35.495191635948686
268.7904366633552
45.97445446299207
38.46776817789214
305.4855051881914
35.122231563571404
294.28567759631005
1721.243295941771
26.822486241196202
297.1884222053641
280.79934356310787
6.0
279.3272433977272
6.3994656297318215
280.1342594458529
275.85069281803226
267.3422123167852
269.06003081319614
478.42298201912445
248.25478630693806
249.84315754584895
1759.1236371879245
1758.3829576288522
1760.7262139592226
101.82860401748167
81.9122620506023
1750.9083293103845
86.26113128579527
1758.1958334700225
121.98841464711586
123.58813583805795
43.2282199430374
118.89762904733288
39.95042585225747
1771.0335125791562
38.52070254956652
111.80241729364297
118.2346751568075
45.439610181922944
1762.5078881782165
1775.1375297461796
1775.8514797298863
1765.293406322905
1768.269340578051
1759.9128547887117
1474.6363219088757
1769.6938340667057
339.7450918269328
1769.8708947836662
339.0722061868555
1768.7483570113573
272.25586786596205
1770.3342592972963
322.93098702522957
24.48783217275377
269.54862833932157
5.708837408052204
327.0704322004817
1764.6784302213605
1749.1097841644705
61.47934487184921
37.598887484192346
267.92875093586053
40.20099235926227
329.22972075067173
249.59719920957923
292.75147903740617
33.12461811799767
10.400616308399549
6.0
235.89436480946551
296.76176422567323
6.184953886310723
331.71953151917796
327.388867821845
326.4688475945636
6.0
315.25520477697046
8.698357618715818
1758.173047574901
1812.4031798824685
1808.433210840843
1797.3360960014898
43.981565392850825
1790.7993075144086
118.28785802135644
42.614569871691856
42.9068883807131
63.695667055839294
1796.5367001176633
113.0235788165528
39.797014649385346
72.7326410829819
1796.0798586554733
1801.6422352388827
1803.8590741449357
34.641597847551566
6.0
1809.5885253288407
1809.1433511199984
1800.177039615738
1812.2613192161966
1805.8481758423904
541.5373427080413
1808.8520524871487
305.0406913307952
1808.4780199712277
314.9493080334091
1812.4918361709092
305.1955956759348
56.1638246569637
301.76582352767673
1809.7931966249507
1807.9013191461468
14.208024263096377
301.05723624089796
1812.2298209440987
58.06805677723332
285.60892784725957
51.13586414276233
318.87622681030643
1814.4156451705735
37.770679093962826
300.0038328018695
285.9100644768696
18.601585489751415
536.7920230992645
272.9354860138965
273.7007578877292
4.471863360846328
655.2213264166226
608.4724768754345
442.48188994964903
580.9183340789255
326.629899932233
1862.382050452064
56.751113964997785
78.7666705999809
1851.4692320905442
108.04190279705108
64.88829624769005
99.53135059185843
39.82447266289364
115.33848048941672
1831.2146946746793
31.776656817012736
102.91743346056683
67.7451434892273
80.7284216208709
1867.421474813324
51.12643960726746
53.5689373151954
45.311916588177155
48.817752868519165
1824.2230226148963
48.09665125736319
1869.769873672417
1879.7287315951585
1836.969357039955
1860.105082493073
1849.9964370822504
1838.1960959742578
23.625689160684487
1837.2833114989862
497.6600251008522
1830.4132612223952
1833.296672815295
355.49361959908356
1819.9589243351315
339.20025847600755
260.74171235345966
329.76046379044146
65.81406195294494
238.09637750428647
56.331435608663924
34.516805196657515
305.66143036709036
71.73964188070931
51.65178491425013
18.292999027343285
368.5158139652158
25.370404558149858
17.315485513756357
331.0238059134663
11.528692663771835
305.9171032601671
326.34623670777273
6.0
324.3974781195175
6.0
323.8377427899959
321.86950858267664
670.3446544122089
277.828490326021
6.0
5.782535631498831
268.1537002599089
5.270511348719992
355.3503607030216
1879.2175529301812
1879.2179428627173
51.06440186265354
1878.6841888704048
94.93090557411597
22.413236647559643
1877.8079217525801
99.18936535273406
75.35209668846255
75.83819457062418
1875.7042414535613
46.48121223625003
42.25788074560114
42.61888326452572
1883.2357562593834
1856.6721601455242
131.34474913024678
122.27060386841913
1875.1350313843263
80.64796233056859
1902.6393915042377
1883.1695008015868
61.97342219030179
1904.4849914398897
1895.7199498398577
554.311759876186
1898.4577950449557
1865.6297263517463
336.2073780015362
28.171975441870018
340.38602464486394
1887.806635064565
22.8458902929342
303.9934683491365
1863.5432618186828
19.93181687923061
57.054956302244136
297.0753193820692
1867.742050296859
58.16918746016563
296.0263321988559
55.641738072436965
298.55236924473957
1871.5240806756497
278.04547468317105
1874.5168222906586
549.425287929922
537.2826587280242
53.487284043868385
643.9533093354235
45.622088996794446
508.93911103092523
29.929628297891213
6.0
1135.9055557611036
1168.9325734218191
1765.8192068071821
2248.7555795580947
1693.667931963158
1003.6097330809803
1922.1241553520485
19.201708566047273
1919.6274630150679
1913.4898514718002
62.71583422996355
89.97172642086025
1917.8017358796665
77.90166253300049
115.2983004300695
56.30274917870338
80.08273247762372
112.43586396418232
52.97268414019891
114.7822237038763
1877.3621876291218
108.87828153863757
23.93219767940809
70.10046349171898
1925.8207880919936
1900.3914412780214
1925.2676519679571
1898.747223498558
9.521812577319906
1920.996365705625
1910.4461012955194
1886.0874455551111
492.6018207341167
1900.372581203685
1887.2940035749184
311.49677526437245
1901.2079082922746
1899.4199637880215
343.21028166959877
1887.6394027831593
274.18567867914135
1895.2803179542238
359.9362842743776
24.0
305.81300524938615
1891.0477040578853
41.19822794552147
305.78731133230303
1893.6675352023217
295.4987603423833
14.880106578619234
283.6692043926214
289.9154741338116
320.07283147943053
285.19315432816893
353.57937584386127
331.2991821074511
309.81474938120573
460.3106687740046
341.2107866275883
335.80157192631486
1925.576497488832
47.59836437001377
105.1743697597276
91.87402916380597
57.84523681513565
98.58448338438848
1932.9740435082726
39.421268928627796
40.966478213871596
1940.9784137061629
91.3047293742793
1943.0589619045536
59.30686520517884
1928.7422044736286
1953.444972454091
1937.342987278665
1955.3426499810962
1941.8419017848905
1954.647836169243
1937.8343221138357
1942.7535894372945
865.3090825247709
349.5702393601068
348.69920640581677
16.286263405313548
1944.2153663075092
248.2648362705313
31.43637422849588
344.81567849160365
1942.441179708353
28.915570897408543
39.69823432933117
235.72706979184113
1944.2218331454728
13.217599863898613
34.54360243269093
345.0344865340667
1943.743911602583
236.25803241135782
1942.2389026053652
27.77648947072703
6.0
345.8041035931856
236.02658531633824
345.7317267630269
6.0
343.99127634916204
31.87770378559071
23.444868459886493
361.01800074483435
350.16743393636716
11.689545431507213
303.9598079916959
289.33953137037315
6.0
391.1234746852879
7.998964344138585
260.4513007407222
1992.0940734894343
1976.17629770129
114.51057552490056
24.483027716989454
115.88412015388894
1970.1872069293104
107.77561129489914
93.71856525341263
64.65539772373995
67.8289897254308
43.41425631357379
66.96271052764405
17.866344082346586
122.06984393442235
1992.8557871427765
127.83835436397476
1997.1348542554401
55.79710966465882
1996.2725688780151
115.44156152967753
1990.3380101006505
98.25783089523611
1981.2634581500847
1992.0473189715535
89.15807504521035
1993.0268685888727
90.11154679214087
1995.1577216321393
65.9737855243311
2536.2202125670156
2003.0918701046712
326.9692661334102
294.7328266929253
295.3276659234334
1997.6113124328672
1995.043939564358
60.096437715691536
277.62707134775064
53.1156749168822
280.2384279242451
52.96838355187447
264.13114383189986
2002.949207267728
1997.319786252533
52.74464909609378
255.35256435436258
50.22444389523935
495.12500627909776
481.8587377301119
35.6873144045785
44.678286017932805
906.061807193737
14.129263398031071
39.62768961861184
5.790244774102575
954.0041069616477
446.5879957292218
374.8515536497871
16.786020245383952
563.2004903449806
18.528559835613123
556.162814003671
206.22237565178875
14.594063268156788
212.91314422337473
2051.3888987144837
2054.198255439692
40.14483351788931
2048.6584834029463
106.43886471942915
2047.0414236576676
81.87879721186619
110.59347544941284
112.69933674802542
109.7787301678818
107.89570040563922
67.83254721616413
2057.459001772133
58.56751410792913
49.79335912163515
2055.323301782754
2061.352220709509
139.35000903285072
51.76290607144347
2059.0237045779645
127.42690596263401
119.5742265005565
2046.9406756161907
351.30732099321267
102.9459007695541
2062.8365755603477
309.3817915092177
100.68069030810602
2050.6504821249596
2064.391528658521
254.5497931279624
72.83778322425042
337.93020962877927
2069.985054650278
63.80166674047723
259.92018726667266
2071.057312557967
294.47979092823425
2073.4004668793714
254.14487658589678
66.16186699651371
298.20994641757807
2069.6143510723764
4.278695534255348
6.0
254.93419455164167
2055.2942171730147
67.38374711408596
291.1495737480218
52.26103850880372
247.49532113199166
53.467602920532954
293.11921232849363
276.6637513820788
50.60705503586723
336.45347572528317
317.57712374731636
41.67905337697812
305.7718620865435
39.37602993159271
308.0124683733893
310.7656756971701
2132.3378956617694
2130.3891299719867
2129.066665400698
2125.0223116082534
41.254294600769754
2124.960277038397
110.59785809441382
107.04759146275774
88.96762483634211
2077.818144618955
72.73651968986906
56.28772246237713
2108.7931682078915
42.299482187368994
2110.3062564522834
40.189484559042285
142.95821038761915
89.01532979426156
2093.4407573002222
2105.0859820588585
146.01125138642692
147.36931091346923
2087.1164574727177
2090.1179893949425
353.0447312176275
144.631206617295
327.68000980351735
124.844599430774
2088.998196572294
289.0758614028382
25.154961369019475
118.08753920958497
2065.535234827638
40.9725405662648
2095.488998654676
275.536145381172
88.62387170336024
301.4812724962039
2089.7801066200423
2081.0944155055795
22.15177364322335
293.7916254707088
2086.4455199645436
69.09188521596025
279.4299297568632
71.8503382051731
277.77411591730106
2089.0738778264695
4.909283417434381
56.275391741138264
273.033010531949
259.4638644254419
29.817292475603608
322.02573763409055
27.975808582214995
211.35091201033902
321.9169748398954
252.5955816659507
249.3299172860452
9.367642740083284
248.36174887392735
247.17257813631113
248.36440026555738
142.2132260211947
2178.2330198146738
2180.977254002489
2171.1003639240453
2132.8319463055836
45.61879960722763
115.38229059342575
2121.7330918370126
2114.629289976936
96.68356954050796
2117.7478892463405
60.98429797486915
61.75867546986319
156.06995481815375
2118.5334879570805
97.75599723616779
2112.7951796670845
2132.53740064279
2113.7405354504185
2112.515219480656
2120.6093697320775
438.0722110596016
338.9987068466744
2112.1204801430763
335.7580700480994
2111.871668190646
260.69392062612405
2106.042777316521
44.398594348511324
62.72302450844654
265.20456922247376
2107.5562211010892
48.24757497009978
241.31328945392033
2093.950568286545
295.1037713191381
2102.4165308917522
56.99876631927236
276.8984714521939
4.171917584338189
55.76725366698156
318.4742453844083
53.48534523397575
314.4560361386157
300.8123111477571
127.44946691070527
8.373358219103466
303.737997713828
304.6467436505118
307.2435347153423
301.541395915061
298.3567834180685
482.0920601989883
283.297493253187
2158.5079404840944
2155.8833972554376
2146.860756535444
86.95892180778173
2128.6661585395595
112.48386078835574
2145.7864464355757
108.55379395266391
66.41353112452816
52.95477232066696
2154.349757349783
2142.430308073163
2145.7387455384755
2159.5975991988394
2151.7819419570346
2127.6629369445277
2155.6096737716452
2152.0891178544016
71.22484166776485
2135.394353521905
518.2113449471844
519.8671430457289
2150.1483172105072
415.99753629032875
2152.2375599246297
147.13316140230836
490.59436558037487
44.57913802036455
43.40802310772142
293.77106671416277
56.040556705639574
28.149155773819984
318.57470621580615
2144.670564214273
50.751244591971954
319.1527869314141
2142.6015598998456
2138.9337623394586
372.6931347202699
2142.9546387931964
31.376770219260834
361.8694270060769
24.570359317121984
297.89690007211084
20.11528841094514
346.64733570610315
156.8167380383984
327.28363377725145
14.261614362066211
357.37990845789955
317.1684781776821
321.04808534055064
6.0
321.81384117018206
361.80919266049114
4.172901535056553
293.4328798386787
2192.955709559709
42.19887480326997
40.407753081710325
38.11628655137429
38.4791338341829
25.25700040266929
30.462562023777537
2184.5823790160134
2196.687133805836
2184.3480199690157
2185.0334824157194
2190.781589394765
2193.7873641228507
2189.943633767573
2183.2914863230435
375.81607553257527
13.973624397873209
2191.461464114591
2185.4477474691435
2168.1863873072157
340.6336671044173
2193.0279981382073
2191.2614732871393
2170.987578767369
342.3880434484927
2183.095074296127
346.52634929895703
2194.4350859282376
2178.4243780410116
348.1956160466643
23.723816825693575
380.8172244816633
46.13170178660039
342.97427618101665
34.77424277256068
354.1853700708498
26.241083040219564
374.3604817210089
2189.9686257150906
28.455807755303795
427.48339395033145
372.75599495553706
4.595821836286632
359.12987147012973
359.338504753091
369.82879526572833
338.62312072669465
336.1714982551712
6.0
354.40159640990987
299.8072977753063
102.69651658461771
107.0895284364342
77.85173283019503
72.6029269094206
93.83273744652342
73.18400514347286
51.067680241988455
95.7202315889026
2221.1596372691097
68.72602937454394
2237.994927065369
2222.9128259913323
2226.4417847329532
2229.545838094022
2214.053504085255
2224.6273679137507
2241.379797599785
2230.5576620153547
2215.066942244465
2238.1489909828106
426.69604180999886
359.5262530273376
351.0806914361938
2229.0856364093834
230.8247556098995
2230.406307679446
61.539085240298846
343.94057955753306
2222.3964008723333
51.03094730576413
61.151231333810756
397.5582787844969
2229.0941619339324
2223.784532846739
339.95729457960715
2223.2007652154875
18.13574893328132
32.002193240103225
375.30159708546125
200.4606768100366
26.756325069107334
336.37198232830997
456.0872978937914
10.61887728750662
379.80262040237267
341.163670303712
356.1916545320764
404.9157413369385
304.5007670696532
361.9839761122348
187.3509806172051
339.1136993626815
6.0
325.27617518599527
2284.993799330974
45.05026204883961
40.488709163653766
2261.7783571470072
48.367173135070516
32.373462747085796
26.52969817248595
2256.8231522642996
42.341733805335025
108.3158538409134
2277.9857106553623
61.36555905260411
2280.8311967099385
2251.896477943554
2280.6276520798847
2270.8043461788475
11.187743207185122
2277.162127465978
2272.733495229728
2268.2823729243923
404.7424875712986
2275.282732075041
409.64338298321036
400.8584930647785
2277.113940636754
16.84747840980799
455.53635670545737
2274.282321630722
46.69291412137409
32.4485411612859
63.81800789160934
397.2700544953759
2277.8319469832477
45.12967626333284
408.60015160075545
2278.429216679724
33.065526447085176
21.45378272536709
388.2580760207238
2281.751669143931
2274.327322313012
33.176560062016506
35.293455298406116
367.9148311148392
258.4504428074815
18.729308610207227
27.076456872412564
378.78856006790556
252.07783558202027
356.7774182580906
17.141456973905406
27.66484636873338
418.7617562030664
23.739269429742308
356.9076388005569
25.841035689758428
361.909231923235
341.9715740130987
411.5922106330909
380.71005678414167
7.698388652054746
398.36873323904274
197.79807945270295
364.69385081700693
175.89954767895688
48.36122330685885
2322.9506202336506
36.106283599103335
70.29555265489398
38.47882236411078
96.5945101709749
20.052450645776844
25.346599496629096
95.0638434679222
2306.5550987789306
120.86229200883463
2305.836607084326
50.67279366575258
109.21181096230703
74.62060495952392
62.27901116893554
61.03625422985533
2326.2836893588888
39.202606275075595
5.888967007651445
50.418823058930684
2304.041884919741
2334.12928355466
2298.3223224333224
42.40023586684492
2322.9316934526837
2332.0382915598334
2330.7755277353826
2325.719316489763
2310.3231560142426
424.607520116705
2305.075255250868
366.6552925728165
420.7642397434656
2329.779735283076
397.8570804217097
2313.7606694768824
330.84075512215713
2316.745455718107
53.10904724328793
399.75130021645236
2307.4936866360667
53.17453765464688
377.380490455932
55.90151427367891
404.16677008862825
6.0
395.5822678042823
79.21989329022563
6.9682774274624535
394.76511068040145
48.80805030526335
413.1562789334412
49.28667526538902
399.83207369669435
33.83903051430116
459.98931232395717
25.90792191636683
394.30386056820225
408.61893270576275
399.71625502737334
428.6031174521286
374.79493746179014
2345.6286677866424
2348.2145923611106
51.83397773244815
91.92934251168572
105.8607000439224
103.0227609577314
2355.2228973571464
83.4508695735567
2344.875424267235
2359.6282396124916
75.80673989973639
59.54524553469764
2356.283043450181
2352.248356479908
60.38380517704536
2351.521213526589
2358.794215393408
103.1570931054548
71.9962208364268
46.21719941984156
2351.094614246502
13.724184609319309
74.28720261081344
19.234069069463658
2371.349270908909
2370.089349047669
450.5978584445593
2366.8278258625337
483.43128726274244
2343.87757161587
385.81267905649656
2369.201594208096
417.97219315294114
2371.4476599722684
53.81431117265038
354.1150155562418
2374.0926197362724
20.843032822202986
458.64820723682715
2375.4233600079597
10.471776339169992
460.77230341481754
2375.628147645445
2355.5129025837664
8.761772817666497
421.92084451152914
7.779237256699162
429.26469748192085
456.3424519849859
421.25652314785566
415.8577182447498
6.0
328.6555042943928
487.30287427862277
389.0507140816617
157.97964404527738
333.31805894687295
377.4621525077837
386.8033301419264
118.71411238861856
64.30118631965615
60.85951800174553
97.49946104942137
106.25270105122218
107.06258804983008
2394.83302000697
62.13159913237996
55.91335222156522
2397.736210783027
54.274325464185495
60.85006096148027
2415.0696614348844
55.12665801164803
2405.956719020619
47.59299904558429
6.0
2375.2281988196773
2384.249588723522
2412.4311795297085
2403.0893707658756
2408.214089959093
2403.712405649032
2376.947607366168
2403.006075954614
414.25152627726493
2401.2350462715553
392.8205012246035
6.0
418.98394848614316
388.4976051856129
2395.636487498434
416.2989120513157
2396.8551975092446
62.9502810612139
401.1752564823846
13.328549623208346
377.8655974985277
2393.318318985362
18.884484767378126
405.1427290895699
36.91792197669656
422.1550877208001
2392.8823431982137
31.858059842928014
400.0248673621545
410.7453862453285
373.80177380457826
31.22342358195874
423.40702436518404
6.0
363.12298172066494
13.203117741209098
377.99952115738597
365.8334232093939
7.672148898609521
359.6615448321936
368.6344312127085
103.86626881179745
2422.67207499915
72.10869710509542
62.915241698079626
66.01131863973205
58.84620844674919
2408.919964039192
123.66164459911488
100.17082944006142
122.5512465115944
80.93228051250753
101.25555854762115
15.790230193930256
86.72378948123242
56.54385418214861
72.26818280815587
2388.9207435910416
60.62514715038105
2454.8478353496234
2458.0886973617835
2446.324007306858
436.4850113532775
56.074085046582695
438.9471592278778
2390.2840565100005
2449.419459479757
402.3300849453899
2445.815417838176
418.66160716487684
2436.2090117024923
397.32443044192223
502.2118585018088
36.459423735243035
241.30403195036706
390.6288995065888
15.840975315507421
7.311013881642793
403.9784725303425
6.467742875704971
415.97899148766464
5.946537274143338
447.71193492639213
382.0615874917685
401.1694717904238
386.33480883962966
350.96578405964556
6.0
379.18942276880716
334.983465748056
401.57797338729506
363.81684084776043
2489.103912738179
2487.8105669709093
2441.194209037321
2486.6912754365003
2469.5532013885017
2468.710340514017
22.80253555373929
2463.3337661325263
63.4511010412034
2463.3649635506695
2447.6007104228925
122.73936236916234
58.4025218917177
96.78805753085635
57.70841765123714
2472.266150876119
2445.2851488786605
2459.2018403965258
91.79175271287113
2461.3567136955694
83.15154987316328
71.33210476991098
27.68360126135849
2458.7835663037695
141.01047455303433
28.69878981751208
2456.64879680239
112.25983940152128
509.33431909506635
91.02045894756702
273.47106482449544
2475.60053919851
2452.6528208979953
426.4718674521737
2467.238376820544
235.19351454518255
2429.941753184586
56.07677365364998
384.7246763320445
2445.4748916890185
58.01562362869117
60.812320685253326
444.3705708878315
2440.134720463488
36.151016824063845
415.9237609239117
2437.682162940679
207.5771309439142
432.95621254434536
2440.5718558563744
37.53760806601076
8.965113887142252
413.7902005383903
2442.4032569651868
36.524411531394435
209.6804623027474
10.847142458491362
399.6341018130079
11.382986034433998
400.6231842392608
10.377344331042877
415.8650983705802
12.577836684709837
19.474293906910134
394.7110495067727
424.6310856155387
374.307882774915
402.7440535739843
378.1928485994913
47.366435061782795
2515.800928259436
108.20623886130397
2500.5938616357607
2502.293537495501
80.45085716323501
51.44414616783706
52.06455868998728
115.11083039964979
62.13887650394281
73.36906720319166
65.11334036693825
2490.063418820756
41.215063810557695
2465.1100431399122
38.04366826779278
2500.5444249989414
2492.9545398851633
2501.085361914168
2469.959736555188
55.756026219563864
2481.7001863440946
77.59819870395313
2488.0729524172134
2478.884782091983
551.5175745006891
2487.4546720845187
427.46637555514826
2482.480557887712
458.37165841281694
2487.743360750731
429.1230929814201
74.13852225944083
59.52787539308429
37.78474289340738
269.3870020934737
2489.1891698279205
53.42915923975852
10.8717188294695
447.93846036738887
199.5370791240266
17.768952867059852
11.200189776529442
434.9710561576194
2480.2045450922615
442.81241421363666
2481.989824415482
32.3857938907704
453.8576025693419
401.7888689660331
420.9570916385328
396.04192440508723
456.40934019241286
365.7062145547061
399.79520601876175
355.91036038662605
526.8313375667958
354.62811185936243
206.47657231824815
2533.085340434664
2535.913901238995
24.314646185884158
2526.7022467073634
2518.112970300627
115.63300281080501
90.88671247639377
83.72706625939281
2528.4053538725702
79.88252074097545
34.39403782808495
2531.6020805752864
58.07218310730332
55.70543898277083
48.823802574626825
2524.991119364343
2545.4148599561454
2526.295796180467
2545.3945296742254
49.630668221355336
2537.6909243799428
2533.3555200652477
396.27182326371076
2528.5830728851524
421.5032732397858
405.90046922981765
2538.066324777795
246.5850799270729
411.03696150534324
2537.484568796456
2527.968721487402
412.49832131430867
56.86118394758887
63.52174476410073
468.8704762722573
57.73326032148725
411.0470464290065
2529.309148929437
2516.7009265671204
411.6555392752989
410.45396179387717
35.49277010550668
238.44782728033897
414.0740550337496
36.45113374403445
412.67369450015394
410.09217734196864
409.5641980175187
26.083519843010436
384.4769938300269
417.6805527304123
23.30319077236163
390.3293415392318
25.553148840021095
563.716550811966
50.92411403526421
2584.5472482342516
2578.390128411486
43.02378586866689
2560.276748115649
108.20095711143131
110.69646144257149
2545.6739182797724
99.67751169683834
98.17520175322898
66.33731434159108
61.48866855905362
42.54784615002427
2534.033908739023
58.30662271913843
37.341621293228854
2568.7454612357815
132.9375198495327
114.3829131209286
2564.5492098539676
101.50847437984703
96.71784874616242
90.93374782741648
88.04592783635508
2549.4081298747255
351.2094468542673
2591.4425614771612
498.89035810876885
2588.5735841837077
408.5497456584908
2582.7693021586006
415.0484060984372
414.6955090331394
2554.208426069761
2550.711468205094
412.27472616071736
2554.143430617858
425.36016293764624
49.114500577188664
407.6570949087609
53.46145581190194
475.2507841603765
2560.43841561135
9.882023087661764
392.74301025022214
9.409523036962128
399.98107486906065
4.430984752162658
5.535815245626509
389.52210645642845
463.2677563971456
368.5869126651887
394.566527935227
6.0
365.9835356287249
357.4420524221514
382.17778437459947
2630.3427410836584
2612.1233651076636
128.1192624044461
2611.159417566275
2563.0344024505825
2606.233239561118
2594.391592103875
92.18489821080857
2605.559660210386
38.23641495207994
2590.678688615486
24.008839098193675
2604.5761679926663
137.9235545303245
2580.995472934497
2579.5088596204628
2570.6175455412745
2575.0861744804165
400.05315651712954
2566.5372109598225
2564.9909699211507
446.79237714588453
2568.679184117034
2567.4484288134854
392.0196870054133
2560.5883222210373
2537.617870981988
511.19166095078435
2544.7929646164803
49.36215370352329
410.9654098236897
2544.2154676096757
38.59367226053109
403.3957442071205
36.9188056934272
38.532620968710035
415.31587002246215
29.612050742537576
378.2046449095824
4.408866257999762
414.5425683029398
258.0362032987332
418.27061391395637
202.43535931642873
248.3458767616048
415.5406000900266
472.9844161885103
6.0
413.3835237288322
6.0
423.8176189250753
4.687405342264356
416.0286922467649
6.0
208.5094350278805
399.68741323969425
420.9664594149508
2607.213732539505
2603.1881977397757
2592.793933072643
71.47741162621696
116.50493989660481
107.2537339251212
75.06889429307466
2600.0928899374258
2596.2932148589357
59.035044211997956
2600.5981089981397
2598.2056331738117
59.08380618492629
103.66381537368488
72.73873852971883
2600.8420602301576
64.27708545163478
85.06313728463647
2609.108365277328
2586.3570028776226
2610.7229657533057
2606.360970845161
423.56801808232194
2597.752881778638
217.97661771891126
52.23656750370537
2574.8368376553717
485.20289703784056
55.11974797397943
2592.9919541067043
2576.5835146469462
449.30157300613973
36.94722208379062
43.2455875967853
44.468509323177386
415.32544558878544
35.00883617796171
444.3606069215948
2582.92010122966
525.812402331645
2584.976068407694
19.00922380213251
8.112326835203021
463.2017254533739
7.02217511237086
451.3038900600159
6.0
408.3921218657042
482.95384528308387
238.78257058292638
402.3667442916094
421.3451815344815
422.72236583535414
404.47090747303264
414.7601055077448
409.0518552921085
430.622165972175
12.0
2633.3469678879296
2633.6552694900565
2610.9011820627593
2625.869687764742
63.770498954849245
70.64099656486269
64.62212892891694
41.84178723935838
2636.538269528796
10.163048988069932
2630.5536851850156
2622.062507759295
2633.993550607228
2630.2083877390273
2627.6674027040517
2620.845579954507
2636.655412632413
56.53903064883434
525.6698380253774
434.8409745454619
2634.8304224510653
2629.807512943042
445.69964975991206
460.8045499814043
53.70898494216999
49.99748187681689
427.74328548764515
2632.554251394
2628.8250467916946
45.96746934728799
440.89732508140514
2632.8708984328932
427.3551047095516
16.369765510144134
41.190430337820544
418.27214069779075
2630.811456126875
30.986123620010403
427.50909185801265
2632.291607120254
26.758689067163687
479.53682868197575
25.49501905731813
455.8286450101323
11.460809417800192
430.40364608912387
6.0
13.786453686413552
471.15355753773383
5.061245112879078
423.61821726994094
493.1730655610072
241.5654136427629
6.0
421.4320909720127
427.54933089031874
425.31733603572684
2681.1252121091366
2679.140021771677
108.33194868752162
81.06563387606548
72.1792325960223
30.242016097853593
2674.6216852714424
32.149769946152446
30.146585832797427
54.47168857682118
12.0
121.39103506839274
113.32505102087543
2690.200942001092
2685.0745434789633
2689.5463551633375
2664.976915791361
2692.5425826012133
2678.906887504974
2691.7255388957265
2684.4714294197784
2692.9851309135756
534.9682690053396
2678.607622759883
476.6922315176089
2680.7317588622805
452.4056006229139
460.9560064409907
2685.460586981403
60.32287506316516
59.19612625789796
451.59613689113485
2685.14912981637
49.35317007881986
492.0434020223638
2679.331193500491
2675.2660129921633
43.26272002339465
19.038765710079133
429.41689781317564
40.47008580024794
16.662279582127667
460.29063300681264
17.611612374020297
442.0726269408633
22.84521466581009
18.764739784365702
476.7598651898852
24.880498369248016
17.630245306600955
437.5882825263716
13.831840641204508
261.4141063772704
429.31190370340664
24.657152605392184
12.177907029050402
449.02807282640697
458.0903046184085
25.810657430945867
419.91860759072824
199.02696086605556
427.8234108173183
416.87895560593734
6.0
302.984290245583
2718.763845791372
88.66564001748793
52.975893907892896
2716.9468039204894
104.97920737491677
104.9797771245021
107.12357893873559
2697.6510271499837
122.1069574711837
117.17527679838349
119.72710544764413
2707.9949644929575
31.90697648209789
98.22685150486359
2700.5110456338816
33.20453961238218
2714.1780005283117
54.12366656407448
2715.7775059541145
41.14429275641669
2710.609140748543
2713.4068726074474
106.5119026179218
2729.0186621908633
2716.3539421386586
459.1147249975984
2703.3235063136335
463.0652888270979
459.3886674487512
2726.4342064288885
2717.3848853288864
2715.5211920185493
499.6132625683522
2719.4857640025602
42.29120000727016
440.1192550808282
466.5583491106463
2719.0078488290847
445.7636500033268
60.940038161047596
536.1176197269633
53.334579983379626
448.2923657494175
2721.5791910913467
261.9097855528098
452.8980143900217
25.03091261287136
249.16785225619242
450.67255808436676
479.83430850784043
14.457367424958647
443.90633861230435
454.87655455801723
472.65347344079146
417.41525977836136
211.79713559422635
6.0
458.3674751879753
8.408363391224157
408.9052187456409
52.42534438693838
2769.6052387081427
2756.8251178420005
106.68573275134713
85.80165503160788
50.47484347267891
2729.1326231482144
39.5690165869637
2760.837490908236
125.27875480958483
2745.600093999854
77.44724710312494
2767.0916508453784
65.29854940411587
2747.999645221231
133.03051922328723
2734.9122377674476
2735.289666294746
132.9959223206124
2731.3801177954756
10.101934129150322
94.75433521558807
82.73321957944518
2744.2621458793055
2731.701689641609
2749.219680155662
542.2980031832521
452.218705037968
2752.9670365681686
470.9769998609181
2745.6655589100747
394.05813697831854
225.5414328396273
22.200716551185906
58.0154288568001
466.6741699667673
220.22506145444095
524.5754204547429
14.105895973699262
430.8958580595199
2747.1129188761142
485.3718027944378
7.736104721031552
436.0049387775989
507.7011395143636
434.7209988746026
6.0
122.29493439770158
444.1466505611952
6.0
487.0347302060409
442.80541893585087
489.43294472431535
6.0
492.0591186046131
6.0
455.8559472761963
447.49468593596976
90.04394405313815
2794.3323628470107
79.33806731036293
2796.6565005586417
2783.454767872121
99.86235812817449
2785.9376457914777
112.45109120616326
50.35061086165388
71.47035720463373
2790.615587894299
54.89093299643264
50.39478252271692
39.97156985028323
2794.8251356059363
37.23642922316412
2785.9285429027486
105.97641570277756
66.01299689415828
2797.821195360323
2794.331039318824
2812.6068171461393
2808.5351070566503
2779.08633697394
66.95577165051691
2809.177390350086
518.078098379875
2807.9533331334505
582.956435457073
2806.931070658543
50.49458478190263
4.4707272980976995
477.0383991618128
2800.0447120834206
2766.4574804857084
207.9573286603063
48.273868080466855
40.42228347629407
502.09868328135144
2791.3502756092557
30.831093159356897
29.97080749728866
208.81405433970303
2799.127626919926
2790.5077413956833
23.368080244022167
480.52865070924236
140.9489432243372
10.983900741483012
455.57207111977186
465.4646334209265
458.57791551984246
485.1182097093415
451.623229088882
6.0
453.23590331178366
436.3176461960329
525.6365458284445
406.7396244124011
417.9898014060491
6.0
411.5826746075563
67.66981105983268
2845.2195725360207
2844.6012546584516
103.60251930595223
45.759844823665844
100.07422375334772
45.56948531310718
102.49853056967731
2813.1250094877814
79.39935282852366
2807.8332516194587
56.58175737257898
50.63208069855864
60.23085512288981
132.29158925980846
25.216614411692717
93.1120485350375
25.652244197644904
72.69950169492859
2823.0667430915037
2800.279568932475
2811.20105643206
2822.280494302133
2789.9868367786603
2801.626858125728
2825.1288906344507
2823.7812819569745
501.04823845600004
2823.288865713741
445.5035898205406
2777.370007390702
2806.175696662619
465.71341497927006
2785.6353985143023
2814.945254835977
429.68218936749327
41.15832552336087
44.52748555199196
440.3302118489655
39.92439485983596
481.33814402824555
2798.9910576950206
395.47741898502136
2788.2670113807635
416.0519670095746
42.29608979144905
31.31474533411256
370.7746146429845
554.1817488565512
20.913137652450132
28.186274986122044
361.488211461854
23.660479763056173
13.287381210261628
341.3048572756152
3.9433294701411796
372.6313310006599
426.0000572978597
321.38707687821716
323.05235314674974
321.1382080481653
299.8589753092856
