6.0
6.0000000000000036
5.275372423733764
5.222212978097829
37.08115022822058
41.9722237121589
45.3057534100178
30.875149129655593
32.87714874668708
37.72627235867002
12.0
30.937029290974646
30.0
30.980608507000717
42.80227130016801
66.33096084303298
56.35777319956803
64.09593366152409
66.02133997694217
63.17845782012119
64.11880913516683
25.578957126180462
38.92229650467797
55.50815706305906
42.466335864335484
53.253130315637286
57.33447624443245
11.787089420870416
51.99364825987924
74.6395152769866
23.313172035733004
60.60260665176143
32.80606580492771
18.0
36.71758867181019
59.63239397040781
50.00307644845008
85.94089795610071
49.728839206280064
67.1962322864501
44.22569192823828
44.5535477141927
75.53788174927884
39.97219279980962
36.515662677828345
63.66626999644557
34.55434987039466
62.256236470943826
26.794105160881628
61.23494393724632
13.497263274446865
65.11157366708217
65.14837140375963
3.6903970279767577
109.86106044644842
73.20891915608192
129.8889328364835
112.79383923047538
68.86214930528823
119.65713730046929
108.00773661823469
110.68259158417953
106.75506539318056
56.322091568572034
91.09453540069529
103.67058365678893
49.31349853900214
92.0733096955521
45.14583646963408
89.46131872194434
83.61591795412069
42.320548811331534
72.54551701781624
46.79475506440707
31.039973714672726
38.760983910323944
117.6009003144901
86.71674940335403
79.27931341625529
80.67127545321725
32.1584987486475
64.79814318754255
54.31271530178556
78.81279982293775
55.64414559748508
57.20625360025369
65.68261374382723
49.20331997967824
92.25231074126276
54.44185516182284
61.07737956296339
81.40738303373467
48.40443264307967
80.55387960632454
50.58597276896043
63.11193003847316
60.75079064394686
101.19968695435227
9.468846684752293
41.84977629326667
99.22157011225917
48.76646855134754
40.71242969566734
44.59473093264438
89.92498906403631
30.012423730561125
89.09684558680848
23.840810374027825
81.74396121605827
85.73857943235384
16.474012665732886
12.170678294931605
88.66424131345411
4.668018122020129
91.29242937553374
109.62737190409004
145.55949844446025
143.26956935272267
111.85005599581785
135.15640343431352
111.49594784182716
136.54863116172424
116.06861639542493
96.19328130737293
110.59790193405954
133.00965009107875
116.90970696581036
107.94541915546498
118.60111639740921
100.24364047013455
91.36651601526788
110.35249407613287
108.44868017769784
125.28251288731545
100.23107563054904
106.41249599609628
96.80720821530466
107.21582880845162
114.55801016378206
73.71576286763485
112.59946912021118
45.51169515748805
111.6621006241561
115.59410933521039
48.423877430324524
107.46003926841979
67.1398820852794
116.38926117668666
111.2593859290659
105.54048464808974
68.395700196865
87.28398034438615
70.2753988469417
70.05969158854202
122.07684152426802
62.912459021753534
72.70687107291567
54.99681249690707
72.5852162705969
146.84373765173146
31.42988499090893
148.19175858198543
14.142842405883016
15.164731532207213
64.3499604710527
146.8115738720197
67.24844143285372
53.74160112209995
147.67892217952152
146.26313333011998
34.685445570702086
6.0
146.50768381916205
25.89243872910089
29.45911061262217
25.92388425404198
92.07253596140768
54.49942555782354
116.20573753227771
93.4928893161507
150.59793191668987
190.53222975194424
118.34917328500708
145.0813977629124
186.1525968138357
147.73953345295794
81.40811208252347
143.9608658154716
169.53460015006652
146.18028065818837
166.27667742739553
148.0388932043841
90.72365516333605
166.8127360727124
131.45394629758246
123.0836275876566
134.2758633277973
42.671121222166164
117.90470982959067
121.68015529844988
112.99510366866923
99.48950563613857
113.64089867412252
131.2367303457286
164.1243985673892
106.07932994444548
58.36125695811211
107.94153489053627
17.99789330921874
143.05115551834598
46.017280510790044
89.55766948456386
51.57361940447129
53.77766963451785
52.969222797656016
161.44121288888343
52.98379113536794
53.55926946877014
55.456573444346134
84.4804761343492
58.298464230958984
84.99692275748356
55.120538503680336
87.95242874038468
66.55026508022866
86.00805388357196
93.97334055341764
51.10762792507393
87.54616038552172
33.95834728875633
16.488119654194634
197.32020079995607
51.33521941372254
57.148374816238515
191.22297041021164
16.509564958170188
38.732019381010616
6.0
193.2055029098834
36.08961157501159
194.95166301369244
21.547343998908104
16.987845289292864
56.67060545280174
200.79190171931197
206.9775819881649
100.33567493450107
126.04692180150118
55.60543364399638
166.9688397777913
127.36438980057068
208.8786116641765
157.86734420772046
121.7609359398383
244.2069861421682
160.36139597600607
202.55960039505814
199.73747799195297
236.46931396819951
126.13034928739393
232.21785108164508
115.78490889204988
230.60618477919962
99.68960319462394
231.16190982713456
96.142794510111
217.31827334182984
98.31241912684618
88.17885726209983
133.98347388771452
98.58901727447977
216.02575810984638
112.17910421756295
85.10111692412227
216.64537901746644
96.81489222024487
105.51736195703035
111.19163155361781
108.47343739411656
101.43513565139881
89.35233512357746
61.13471274540461
84.23126485208286
18.844673897547636
225.80832745127202
83.30457002859453
96.05528638410965
63.90706885087724
65.24688032900929
95.19992734135502
54.35863193794887
247.3014666985219
249.35567141819286
41.29948230090872
252.26753309483007
253.79845425422621
37.38385706809481
246.75272168234676
246.3110733685346
24.181612487759764
4.502346103560512
244.6844822545221
26.509369441407785
146.4543386837168
140.55096837817177
224.67473735778543
260.36332891208315
130.3191340281508
231.96340341466663
239.72329122685272
119.05261468697216
239.29604419953296
190.6035768451698
146.33015679300394
28.696259156464976
151.7027882172593
236.41336110954882
228.50430460960757
52.47383047365315
31.578250045252503
121.61480184421231
232.11142686708092
102.38456116608063
108.31661765288891
95.23978018790916
131.58932149445843
92.24112589277269
89.89265481365214
115.62758933561491
136.76325178356427
77.26621902724429
130.81308412549845
44.409162253867976
132.06287364482927
67.9869238800544
44.60104224631766
121.57061599227893
22.789679758610987
135.7423529097747
194.6562944688423
119.36304417806627
137.56089186368115
54.30861838291639
63.56639000785401
56.10238412965009
59.130895725117284
53.02751158297008
49.63809733503308
55.756028766723944
53.078159759771665
51.40370688744201
45.08567588122071
24.664060495254603
284.4266205711854
39.49439293868238
44.6135983462799
287.05527682700756
31.287281893930867
27.711679144166624
30.403692767511984
5.465438679761405
6.0
135.87923500042962
82.08017483383242
271.79171624638735
176.58369629976033
167.08518128068056
283.0697539880908
175.70342505988998
187.75334898735343
268.22145620268765
273.2328453933525
165.89528316351652
182.70862540984172
168.3710807699183
152.29997240045958
156.15338821319972
176.72044914146727
325.02324343683244
145.78722365997157
275.03818128645355
326.46144253397347
162.4742718295579
324.3499887748227
84.79192778390666
321.5821195091837
167.81926656730474
108.09897113934096
154.45157791289387
318.8094036295025
154.84995144485447
317.1293711814647
151.62734012772898
319.9234628145592
84.01139880718506
301.5509056134792
149.87282995490773
290.4997039417726
131.38562009830764
250.69283299887172
290.4328058924187
124.74745747653412
252.04674177730396
95.91523770016147
115.40196817805463
93.07077298933348
105.33382397932553
246.92519983234376
53.96071164179307
60.53279444801785
44.99578416551742
299.4207584983894
35.42692357335068
8.08227969982238
294.16805926905994
31.70286256007455
298.97521833720145
296.14503191985216
30.66071989418333
295.96041510583825
39.37572454307394
21.55834771280945
20.091739243043662
300.42911477730013
20.614000452707728
6.0
8.507110748472883
48.78812183244918
141.6540207714254
194.41862570979697
141.9535489866946
187.37475128949802
74.01733131731976
85.20448591738398
179.76424755930282
352.523099719213
139.46119204712204
351.0238757939954
182.84378246375127
344.7526704322803
126.73521100881226
310.3510162356221
338.29300989665114
170.97890149815476
309.5005369094831
337.8813094126805
171.6817208039522
338.7929485080771
173.26468378401933
308.73699206369673
337.9448440979092
171.23251678947474
340.66984901952765
168.59199120709286
299.6402367538083
86.23635346477852
337.0640949500674
169.82353791954256
298.6475732981672
26.76507205721805
107.10688279968542
155.61374748167702
296.5592965275996
106.99784714985879
153.27246044254082
102.0840201308057
158.44459231490885
14.528070481714394
72.0726193270923
93.5223624477344
67.39278349667632
151.1892483581214
13.532784208749717
338.9728251453303
76.56509633344785
76.2698683844676
62.47387517232994
73.38552836071938
335.23536372671595
337.08645672919334
73.56501005236362
338.9485253204282
46.50949347075948
42.1669474485476
36.63486850164179
37.20131205464418
24.35867749429144
343.8189645547321
6.0
130.87750963054555
341.94681739841354
386.7727752590361
203.99735862698253
331.6756414106171
139.95032346030223
194.1508122899877
130.1709731025661
191.25539531415995
335.5856004612998
132.9694128613362
192.2237531774515
125.86152440731553
117.76653112152644
99.32821066700558
195.6805098867452
101.59096978628213
195.01575645238654
48.74211544572154
391.2335191567033
190.32907750375375
349.24908075182464
13.651120358386493
394.18612330695566
190.2590242403088
386.1990156474086
184.64572043909357
80.54879386502671
136.7976225312234
186.53634453481504
9.75243696040775
385.63713982054037
238.2953118344692
376.0296032343426
181.18404741387394
154.55355582592097
192.163272141373
121.65286158464323
183.14058918944306
64.14386078055361
123.8914460859404
155.14716403300463
125.4114992084576
196.56690308797624
105.78734108950334
191.23328618144706
337.83079143478915
63.47908167713206
376.1108831025882
20.265328294590404
10.564477543009616
378.808899659135
372.960782941704
10.148511181233403
369.7219660997158
6.839373446049308
372.8596109751111
115.2803724185527
6.0
129.84410648810763
238.24278402957736
433.52814687164437
237.69398167049496
153.8371509243318
237.0354647466022
130.23562656814863
231.47561396923288
130.8148810279116
237.23225826441399
124.49013490777872
237.97503251489502
127.30271522515795
232.5561902338543
385.2948725781654
399.5910869625767
100.56198173461598
126.06475293414383
402.22075345690075
83.18549526861023
232.62438358121858
395.85246472473204
450.26618548410727
227.57212201406753
437.6754604526898
207.2744595660089
425.39908473150547
207.98126562288553
67.54748541074161
62.68115612158556
398.6144736436071
427.88376383124773
199.66848032732037
429.7667758629391
244.7795673804012
107.02151971523301
221.51536184449947
430.980903529005
223.54663268781485
431.86136197739677
203.1578644236855
434.42216547366945
124.52888945551172
66.99993055919981
54.905134771841745
39.91595885521838
58.38799927054106
426.8714762187542
56.824469467476206
59.452354876898994
60.77759441498847
428.23083292461706
57.18729295529715
429.4133967849584
431.63059492770105
13.806430329723412
431.0571133769496
13.192218964710378
6.000000000000114
3.4237678658575987
71.47862468182973
132.29962837934886
146.69692470419034
241.48378924032988
421.9319192997484
181.0849614405074
248.13183259417144
161.01116953929318
245.83004391413624
58.009321946839236
146.66006812088972
270.99813382630316
132.2017921840785
268.14090831836756
491.7116955156433
265.8821832693476
436.5038188966969
149.79418582773837
260.91519865214514
128.43617710606395
263.59290928013013
97.04851133756131
264.35242738905777
443.81542182836915
96.73573301236331
235.66996313867776
445.2635214106913
86.23456510189249
228.09739564712572
502.2046031057912
216.43328096141886
443.7719853426182
499.4796042029391
219.4052059280168
440.5607245256522
420.3522133340971
492.07252798598927
208.0856550312467
493.1573611913691
203.2482386577077
493.94334851180895
203.8768267036744
476.49186318251145
236.5377753850737
479.164062880846
136.5534344633262
431.8177344525785
58.670136536529526
12.942013563355431
60.8099096570013
476.5892188305779
34.805938188351774
51.71135729621437
472.5297582207154
11.606946212765934
52.267291720907
460.10995626484373
24.656716287669724
49.7888174194577
21.203933567281638
19.337884002574583
460.1559655567902
6.0
177.24316004596642
259.77279929777706
459.74906664165405
35.586580108181124
177.01339348786996
280.1254898725339
122.52633299766762
253.94763786812905
121.6444805282274
248.7570967465182
114.09356339930514
162.28924113763605
244.85276639390133
160.36222659806413
180.3683861474742
158.68763702591764
244.80026154966197
469.57843151596205
152.73857287224735
247.52367695084706
466.77917869918974
153.02128477322185
250.48945118708377
146.80344309991574
260.94850030759926
132.03094138400434
236.56169394111225
551.8146541461318
168.00436761694118
80.30780596239083
529.9655686162491
157.9136272507626
465.6341580823761
526.9765911007246
244.34256601141385
519.741654164789
238.94992539748057
515.9828348504996
213.3521700717265
462.61472398530566
512.9282962878166
216.09162709274005
136.61524842942663
213.61878474590378
61.396434209158315
494.18689720133216
47.83419893828477
36.81690872886156
496.4904232168079
36.97973052921543
33.85216270833621
496.9561501075134
32.110264492814395
498.77274419249693
492.45821630644605
29.232603314402922
29.904639771785924
10.512855260281185
6.0
6.0
492.01199181762934
170.49063790410992
255.60349433227793
46.075014691892875
136.9285974691261
299.52984651218947
130.40352491627823
298.380629806392
126.6132482893911
258.63911910812305
87.00163435389777
556.4324792880193
237.29390644544878
216.72553480390116
234.5075361670522
65.27207411396512
27.346285579869345
189.06971164990932
230.5788300872323
507.384134597213
482.7255868909525
181.64178757102763
275.3462901840536
509.27024012049935
165.38859439676867
276.3097585085328
504.2090372628692
148.7011741776953
277.19934879021923
149.67216927306777
276.81339114008165
116.67791417816511
278.3679815415669
488.42817339142607
572.4894163069033
274.82738215282916
569.3438712826796
275.45319253431865
554.6744566443973
293.7373530105741
82.34377198347465
557.4201419858612
210.86218770810046
101.67915009910985
223.98721901112367
493.2601611264629
549.1746452435937
282.009673659541
58.62374773167426
527.2181079956716
56.235028500920635
56.97463146723908
527.8070256230051
46.45853842185352
57.13662081320945
51.52724500361023
529.0457251096071
54.60265634711823
38.87706230758977
526.6400717940824
28.652900861577336
32.4467264578509
529.0931132703754
29.68908768662959
530.8657909846291
9.474903169182198
32.45358741663972
532.5050705175811
5.860741474312135
31.938133033880604
515.3047916195222
28.760856041867783
31.734544226095522
81.98891240350645
33.65124905513926
33.583003323224375
20.36040052941712
9.480105262138977
522.2716026814664
596.4124667407216
314.9475356332198
81.70732627544498
192.65430691014626
312.9204807533365
164.80911817726678
308.51994657255705
17.187587873577968
186.41106535192807
312.91138107861025
187.8473105812418
307.2828568218099
184.29576549405942
305.51689673297915
166.4395589539256
286.3928359112581
537.1889340561404
6.0
151.71705552563049
306.5637057535264
148.51821535176873
248.76843780023614
532.8119039344347
147.1858792513815
251.5636939494566
558.7509426913462
250.7824434041022
559.6387266661882
248.5574203367728
558.851445743455
268.4470857771712
123.77092645846187
513.5483578839109
131.87842598290422
267.57404273419775
513.5825978256494
105.28050419320311
253.07079948708042
93.81132954986879
206.10096888459043
74.9019427407552
251.71620529936763
515.9578579755666
573.0655610037404
284.81989094480764
3.942502148782296
58.13105868131265
562.5428244909051
41.127260398873204
16.579441888778774
26.90699409081776
55.876164597130355
564.2627555955223
49.57111021422088
40.56161457854387
29.70332392692626
36.86994206665577
537.5751394549304
6.0
7.354050803084647
46.382180416792835
549.5949909429179
618.8288735248666
290.87357692881733
221.9324759380895
266.78096551474755
108.87665455171941
147.1745207098902
307.58170488520886
113.91319334737796
265.0148787808589
107.4991072602902
281.626702298234
103.49201602861103
284.74226447459955
622.1395058337451
227.85520683904542
612.0274101075379
256.7616975677288
569.4342787519579
564.3570548474947
609.3344923579649
214.85702673873152
557.6152229085867
603.0105283604671
266.55623424460555
559.6376720305522
586.2302365142814
256.0971698477565
562.6354983835992
586.2378451599445
251.05892540749323
587.4999163935638
257.20147978652085
136.88559519682713
317.0123822353394
113.02356042101314
199.5386017114904
593.7118073678546
201.3914676587956
595.725108566111
173.86393057850228
68.57817838863002
86.86587308785647
250.87345526076047
48.54849117729805
59.50559195934579
585.6749188989738
40.00481314189801
58.6971156585314
58.972003117816485
583.890209401223
37.301547864259874
584.1200846727046
30.13047944524351
57.34458946900372
586.5686382155881
587.6325731273303
6.0
11.123210774328754
44.11959937022357
5.478245052912598
30.35437667546762
47.829739236765136
7.8590700191412
590.926862854325
75.17075730359647
290.23757717050626
83.12062948186258
77.94557623646187
283.7557634754605
30.413095054062296
634.5299338076687
273.68179245199417
589.6091405116186
41.709466867238916
625.2975763472252
265.60641234337436
93.12074167407081
619.941020808654
320.9474763705143
621.6308993739664
281.45925721074514
69.14701099372905
278.93779063233364
611.2290259003056
281.586798853911
604.8883897803682
129.92091571003948
257.7168168054743
119.99348598434881
247.19174336168294
120.00217494957587
277.3925012409836
77.06462968620235
277.76402846101064
596.193704969129
50.77068068347671
269.0189331782035
624.0067859322133
238.92651432943399
32.10704563289346
256.6967142178398
19.852637657292462
203.8048816014259
176.1603536908376
209.2892777126724
589.7765698558658
602.6547137899521
48.760804585300775
57.097031216757614
67.90721719748444
54.53002535823293
47.944636772759395
625.5604360455093
42.03445593622018
31.57025667048697
624.9652762980766
34.54835814940952
37.24073429670284
23.03638916087789
624.4730548188894
25.786919712573308
17.29942132366409
15.293273258177805
14.319812066740042
14.948438062479454
635.7992729106298
635.1475335638811
643.5792868711827
634.0690252809023
678.5902607709803
284.12763122454066
678.0397705044545
275.76805861009166
638.895304720355
664.8799394619274
268.4153219986815
662.4842711468664
266.7808792407818
58.86122612634631
664.5277578875404
267.72621146143365
21.836344370592542
108.47819474712628
316.6223922982483
652.8584595095745
79.34937493924099
254.29732750214657
40.130984557988086
53.642634881302
256.7473363743479
656.3586838711175
257.2528181768798
220.21045821190478
253.03679918293278
665.4760677078865
14.957498354579002
277.9624697241843
52.34535954924786
269.122903862705
13.836737842340654
267.94257005678105
52.506858680356345
274.1353659889096
46.31054118866041
17.911894032278497
258.9038435071309
273.509770000883
11.164708047582963
250.68559867435033
49.26286696821467
37.67624740632846
685.3377917479825
15.046750782259096
20.822473134579695
687.219351007695
12.99250396627076
688.2927254294932
5.930616874222096
6.0
687.8172641545598
6.0
692.5293332170124
730.1375862124553
294.3666868762723
56.4209883821793
719.6109823264565
292.4367209712325
55.88825838478465
720.7885630846679
280.15988419744644
721.0116199603526
298.19570681979485
23.902149191463423
722.4611743124685
267.1251016829631
687.8395957162486
18.083202561283088
722.4356543834378
298.07646524065626
724.0269370237124
309.40897524651973
704.3164347466295
689.495360498536
712.7716338202183
276.038238038102
705.987944101058
713.8074856429387
362.8410586862128
100.8079156236629
290.0817167751902
72.82006690766343
259.6084484383239
713.0845435266076
248.0788527796526
701.1956338165855
48.464652244768786
290.94121239569427
702.5861797267946
45.893161019022955
250.6839553205673
6.0
36.746360021066266
281.60239256230284
700.2111598060476
22.628126434354044
278.74307797702704
250.31986104299494
271.96806066802355
36.10497075429771
733.9165859331224
52.24075706108215
31.471026649594478
730.5874735664588
725.4400607889875
720.1062313426085
7.3795461363645245
715.110900326669
12.0
5.992375658854144
6.0
5.79189045080102
4.498789923133245
6.0
4.609199774369699
738.9001000755052
755.1103944926297
449.2721711522313
743.4000596941491
748.0957414261318
296.8646997646788
749.6896285006553
292.2963980866946
51.71325274853143
56.47502505176067
273.86221643344015
69.51732887307253
48.33583738912603
296.6490173040927
754.7597712936765
42.733410798186014
293.50651211109016
295.1825562980332
72.13000976150533
264.34181634960623
262.42429563176256
735.3085523025661
236.17479923676115
766.876910410482
340.89090124900986
769.6194024608255
284.1676467720447
42.7454495180732
5.45704326492114
300.4840739814208
262.69944939719153
294.07002683631436
363.4113337894162
57.51679039606438
278.4486905440856
12.0
268.8358494236236
44.18805210033884
792.5814428230092
60.78982272215649
41.99926361923713
10.67307021999386
796.9445638070588
35.70959506899567
786.920293440802
778.3314780836783
39.01983407877583
5.690189145879685
13.707535431150518
6.0
775.4229363873212
773.7826988924544
836.289682771348
423.28395024986844
824.0431026104725
309.124305557742
767.9349538580136
816.1171004940686
309.41081086596796
806.7037225242598
289.22692745570066
769.9120464300872
807.2211911932302
313.11799838936327
769.0236720823907
43.50990116746539
42.501693032939556
807.9427695314564
279.02738575232934
780.7735425146118
58.36494310199646
311.25889975049336
807.4843332707226
296.5768245639274
806.890728486683
292.4037549845973
785.9948062546234
108.9267692917258
276.000589701654
71.91108400625603
287.9543077948358
69.38354964577638
274.6815480709686
59.252717249577245
308.6385188770498
48.560353752694255
290.82830668265706
787.7730478308324
20.5895035193098
310.79673648787775
280.2998536130938
452.2500710755646
788.252893174578
312.94531649221153
768.1563038448726
42.85486716641822
26.10638931250992
54.22968335479209
809.3464518847718
811.0171476182668
6.0
811.3423296954084
6.0
6.0
3.1051667913798155
825.4091910375773
855.8906054881975
511.5830250938593
852.0854557192142
300.54035199332
853.7257402485232
298.2398317343168
854.3133394886256
279.4557794459686
25.192536931876703
846.3207164610706
296.11548824211445
827.0580426849197
833.3397182820217
314.82073867250506
123.12284645443606
296.96474854258963
822.6467514070941
68.92924301425819
394.1886056084577
797.9534894577398
64.13076976472621
320.0032877039964
808.2568288914629
121.10677368945653
32.854012047626384
832.4541004641555
276.5162715393376
796.3999861907482
74.35411552503479
273.87195400556834
545.451924356845
79.95900277443161
272.00922763446783
64.39658429581891
286.95424619124606
50.53082869405921
248.8372955905345
811.2792905570509
37.6217123911415
257.23992018684953
236.9258073208714
15.64307741669927
307.6821507904647
54.18055573264064
36.14074582961439
31.702196289198127
829.6211713017778
6.0
844.0904080413447
126.34436720654958
842.125509290257
56.223989285692824
839.9152850704575
59.60994383046045
456.0144232647931
841.9722553993054
900.0450119028574
284.45877517557324
889.4768295754882
284.19844735902166
890.6515857559245
277.0973791362544
103.74983473792827
882.0557622034687
284.544590632712
874.069526327618
275.7288160826488
854.6731611677235
875.0286258223307
288.19190516743265
77.65504446869681
324.9010440444506
129.37600602200564
297.64616484975886
129.06572599852734
323.4411628979133
108.8114513071173
288.2395425675156
94.87604056792134
280.3864316103022
852.1283070835536
82.83940699021423
338.9695223140677
877.5587055440558
287.3588310380153
93.92779352011576
309.6896289087299
54.6596759418444
70.88802090263016
281.83410995474037
61.68021491563195
417.63288494795734
43.343425958462376
272.84180589949005
56.365793175014915
17.001883207157334
62.443246225238454
41.292087153246484
37.88108882923234
37.31423749825717
896.8371698009639
13.323002363838896
28.13481597716236
30.07670453511946
879.790988038076
6.0
29.885944984369416
870.3209112110974
29.52764511606574
870.2369501587189
6.0
29.43405225007109
30.170059907566156
879.0758927755146
874.7531489901371
881.5649646493548
878.9328264066962
91.18750855046392
502.96537072336105
880.0883066009972
94.0523911215787
304.59361316328796
83.58520569207485
302.914029248127
73.427227193421
291.0150374772693
949.3093389617122
298.27813870907767
951.565372374273
294.28592446146445
937.7082668634014
304.2128707966415
29.82230904225071
935.2238387269576
292.2600020463756
932.4755997795535
353.14433703181294
927.8998407856031
281.8700495831499
105.487793953645
310.1880815882116
865.41942276807
99.50075626651687
307.4038684646084
116.39232590825804
304.86746356658546
892.4847792590267
101.1737271565571
382.81463545546694
18.667979682476016
97.620004300642
277.3694686083775
889.1795489706487
96.06806923783233
266.24191217502175
87.08810731594167
302.7281399232254
930.4702767626693
308.93348931171727
860.1472600336856
880.9545847853501
52.810178420189914
44.262421012876075
23.192696628407248
28.25190404566547
58.33517388613973
927.3078413007968
60.818721418867426
929.1486341804209
17.170525885926963
48.38981825975134
6.0
58.48079038155629
57.69100633496055
914.545176249849
105.36182421695821
75.49270361304889
919.8826809905113
915.338428396487
977.9127246519431
491.97594575619837
131.43894243299565
334.1136744239184
123.5136491531639
323.4275316827109
100.06225123967624
118.70953045480792
307.17979103870084
117.67916162370648
837.5275788445913
116.25625861462095
106.43218784151895
307.30393720641405
106.95446871550939
310.95758754566896
83.50983693711942
301.9907652896918
914.5538396087748
24.52817372720483
6.0
993.7234569256632
306.242180002464
994.889531615522
293.4250949209145
913.7676770696191
984.9927295462085
396.8359227361618
79.10768276253657
978.9705071303149
313.51061268585727
969.4103669797337
342.236633324399
939.9966566066403
107.82970362007609
284.15123584049206
32.314366707068984
954.5661611441151
308.03477232736805
142.57354963449006
281.6271073254402
139.58590335421195
453.11133233417786
136.88943407741772
288.2485451722664
6.0
921.9384302787253
57.45708009612463
8.627182052061016
65.1046625756444
9.165684195873837
64.21506999211306
50.16188332841557
970.8379743742898
70.89354980063808
969.6497840890345
46.0649707540847
972.0631706688055
6.0
21.495369600880622
8.192910595567355
17.571831200663382
89.23122272213004
88.88871614214668
14.082521557701057
7.242343942069056
165.28924935114583
537.2319385530468
962.9417690361522
978.3910841704212
970.2115079024122
153.66733966330867
286.27446999635504
154.01982456512178
288.27587937556336
151.076266292534
279.5030425552718
138.74704716252882
290.0353422891858
79.54147153547547
127.81539595831146
283.62064248378283
969.3982452343021
97.34747534120606
291.9941652365901
152.4062379099264
273.19828243787924
128.77282984931753
550.615003549631
28.207757466490875
1035.2473522524801
276.48095765491917
1038.1429410815078
329.35178345425857
1038.0303062893222
266.5033566125603
25.057362848541743
1035.6480078587342
298.5045638700076
79.58409960629797
1025.3075023954736
255.55402372451454
1023.3344987261905
292.5696850847139
1023.8557450618202
293.85278158475876
1018.26433607629
557.5405925589596
1018.589656225314
284.10693283666524
31.492728997658105
38.71315784673925
1022.0064016877275
1022.9845923958985
20.78649682559262
16.184219920054147
1021.5198024573892
6.0
10.833336269153733
1017.4386360000528
6.0
9.094958542944823
1006.380247732626
8.814694267730829
231.0907790403071
552.8173962557767
209.7735772791948
298.18730660400934
60.73373202904759
156.18365316101335
288.23919655131476
118.25258017970145
156.96327721725356
290.0022488553932
140.11405699423676
541.431814294551
134.75018063474636
285.1381691201027
101.94909838525473
288.25676883088227
102.7418769642577
309.14249641637616
144.62202350886218
290.50855050176733
1089.6907843419604
295.80093514829105
1092.1031045525144
571.6116942207871
979.7074146054144
1011.6402201754656
1088.6222364547675
300.1371808260892
106.7865688351053
1086.6697703533482
293.8830972563528
1088.0344182992046
284.78018816507074
1089.3337223193917
595.9047819146899
1081.6326577684706
255.26142382805165
1001.9945956777767
1070.2987329275338
289.3795402929286
27.92484998683267
1059.9191435254957
268.40616966985135
976.8307178981013
971.4972615040851
63.17383485578421
1044.2491991064521
58.372790334544334
31.9246067411932
34.24237264354906
25.72065039174049
29.539960260792668
1029.8381589037456
21.269346915121332
4.078497034024167
1026.852931520474
3.468215071532086
6.0
1010.186017976165
9.239570611052386
1018.0866260927648
6.0
6.0
1105.8221660786264
561.2152010960672
1017.8602782463745
1108.6856595021488
291.4566939369097
1018.6199896506437
188.826226038193
280.30203699941785
176.42717527929926
268.0524339063368
136.649673367795
177.40467591185688
511.5724386060274
1017.587427720923
134.0480461799284
166.4146380540392
292.4533536205672
136.99854911083503
163.0698042439758
292.15632108671525
1123.327991018149
291.78341918130945
92.6841721473661
160.620704344954
138.1383194980649
588.4210118789683
38.95089799334073
1036.4159473632792
140.52897293737487
294.14891367776045
132.09016416478153
296.7603273847799
1037.5289220217035
124.0632027681695
296.13643073686626
131.5121062019839
1039.2151983624433
121.65128701091999
292.8842274291642
119.30204709861573
307.2333606292723
1129.1609656221856
334.4726218231108
1122.9249321813697
291.5230812407708
1012.875703661088
1113.3217452717897
620.4206040047625
1108.8237823303518
274.2001235843245
1018.2731641871944
157.83775972778813
56.32138275640136
51.08328666355101
1065.6474995817732
1061.503565989869
27.88600209959486
21.998154708338006
6.0
1078.0242844616155
52.83933876414767
1069.9959629803939
6.0
1118.6185808819228
866.5864600746693
176.24021505160636
343.34689879835923
178.8657461327607
342.15740921875295
1073.4632876242633
170.02409508782785
322.0588704050115
146.3853939366113
333.35631700327576
1060.3770325174444
81.01947844479082
140.2088536139181
301.71806355577337
1076.3575606020634
142.42705031093283
336.2557109772297
124.42574189148718
1079.3448220103144
157.5143974707462
323.7923999502377
51.589415538377125
128.83808253869665
450.2776037651788
1072.7810638765336
49.13430775917823
129.77372969573162
321.7542710892203
144.55610547809192
378.25024513406515
1050.8674262169495
113.25596919028703
1128.9147119317586
314.43361327254115
1131.3061836264524
341.7111572707777
1072.6117437217176
1133.9501838294575
304.17496479933743
1134.130755421847
342.27854750995994
1135.336118103564
326.90525759720776
137.92587033577638
340.549686140188
115.5086619096619
315.45444661860574
1060.8517752817186
52.197885285531356
51.9228316471399
1101.2955208052433
11.79682082192221
1098.438711058224
4.699004702057664
1095.0942727297108
57.91440343116301
3.7382277182114194
6.0
6.0
1100.0320969450142
1102.6398201491238
79.00846309331564
1172.8897157828758
516.1481475675987
1173.8214940487067
366.9553898885224
200.24517258372452
362.15101733374286
1166.346346164386
353.72796678778195
97.99587814011102
158.71919025947
363.7937302254527
112.5477095534211
366.77481926226983
81.33556059359034
864.4299620181955
1166.2233482376253
315.7366461433521
1142.337653329035
364.4521652214303
1143.811743811191
400.0363919765023
80.57855864757357
1137.9202742550076
546.8585932071296
1138.869683390335
365.2588044196186
1106.0548379333666
81.88406717683529
373.1853451997513
1102.026853346403
70.75207111212194
368.49757798699693
1145.566864222021
534.4798306127814
1095.1362033939822
94.43799806260176
1144.3894197299455
342.8521709602178
1101.5000939993831
1097.6182916314017
1145.2287158457116
355.09277878071043
1076.498893814256
94.16721777835392
333.06133693139464
53.36649966840969
1150.7099449485017
43.440686349738826
40.56356406872965
1146.8943108560022
33.70714099623456
1132.6706962833298
21.205183613785266
17.706131469786214
11.318935394635446
13.202975268545288
55.34909214830623
1115.861582484646
95.9478935536963
58.34557697066657
51.29079659714898
132.23564816663202
521.6219106544195
93.98688061418534
122.9969298943588
403.8122295229764
99.64287334493338
380.52511942432375
33.69204162647475
76.74584509659007
381.1531330444168
1130.4877322995117
66.662549492386
349.9328395626626
1126.6744799985531
64.15239701928112
1208.5417231373833
359.7252779351402
79.41271229171207
35.922334462378785
1200.009976311184
337.7142184619347
1186.5415168866075
320.39503699993656
30.43889739929
102.2514785278945
345.1745066179842
64.18794972535943
1139.4495836353624
1168.2810008975662
310.17795607419885
1168.4960044384131
374.2777093504351
1106.0200946984128
108.30322698194232
337.011982838887
102.81393669628687
315.9086771816196
95.97821588418037
299.7920772137941
92.43083356265652
322.85924753286554
58.29219065674488
1168.7607995184128
270.6073785552953
1166.1790710101916
276.04968654332015
98.69599263587543
296.060219610908
60.35448825100002
1165.1609758080042
38.35889052968696
49.822257288527
1167.6146411280051
31.599480997951105
34.833514031829964
31.326799279721854
32.336475350704404
1144.8940337959127
18.847082092906476
1144.0046049957518
36.24782614111746
6.0
38.01904175152049
38.77242793710411
29.277799278953353
1157.549266596935
1152.0343548415908
144.31758808700033
571.1337478524538
1159.843758060853
59.73246082351261
119.28370262897897
335.96607946169206
117.21569556320992
337.26636239625896
63.618207661718316
108.80835266646864
317.23142726494825
69.38644033134005
108.43291289948183
331.6200379103507
1163.4181799513697
1216.5087909253648
309.18042259937965
1216.1565987749168
336.06784783932744
52.486489248627095
1191.6528947364075
580.2498592835864
1176.0344218002854
1174.5452323682046
51.244786010833195
1193.5499515641864
315.0075161220334
124.38337491204902
313.5280006981193
1194.5516925278669
301.25442371428744
1157.50514100444
16.117557991850845
141.47782772781147
291.85043630831615
32.31968739738886
100.27780787164284
293.1915848651438
1173.1984662115271
95.43095001116353
603.9340817281045
80.47588981706531
270.1181998759348
1177.671340757517
1199.1102771714927
290.9549432148442
1156.3930982910408
72.27613491796455
308.96871313041174
273.87252430634
1172.3860679516054
106.88712931193277
26.408343926249927
89.68663505615541
1199.9453198027581
1200.7847694024335
84.09845545742655
12.0
1191.817655714255
70.33556989814497
6.0
57.32582021708686
1207.4491928292812
46.44056524310372
1199.761522329243
145.46838842937814
1202.6184845728455
57.85088431907843
1137.9553566459872
1250.5094963369318
284.114516371792
1245.2943828507512
584.7742422257679
1232.3463010226521
305.40821318326425
111.09685659017669
145.4381051973437
611.103923752125
142.35524241201847
294.6545893917619
46.765146111380545
24.21030458893074
135.99374147771414
319.8578410686023
114.34613929309216
599.8918919232337
117.30331007483073
279.13885157821596
117.1548339879696
264.1061398660868
1187.4910924327683
1214.8108745974248
109.43291352013375
253.1230417939364
1208.3049126669036
78.19217848037488
483.8398238327941
72.51864025160467
260.82862059200306
289.08124853621484
1204.278107428666
264.9195885826316
94.55041410360946
34.315180967132164
529.6821706222672
1195.1819661423979
270.36221094513166
1207.1482197108571
919.4231161598686
1208.7057173395394
30.734624261402587
1244.310676900251
97.03869105354124
35.36712118080686
98.08462204405305
1232.8430381587418
96.4029507634541
93.30523520682345
1231.4977710999262
62.10549238648173
6.0
1249.6861619856045
53.236703467111056
1250.056182763141
57.23568084280396
542.8193176190089
1236.3766773766783
1291.6109757278105
289.80086089675615
1284.1645754431295
273.2946840504883
93.28853842430726
1270.8489506179471
309.1116636148322
1267.756542959214
323.64606603852053
106.75718016221026
1248.0582916209212
300.77970763761414
74.52657456881388
157.5377915483582
321.7212244620673
91.9119086513806
158.25128386121924
305.1193628369865
108.46887413796458
683.7635592266492
91.2773477369833
111.36315472758997
306.25711183193016
1257.887071847251
97.73385091523278
324.84206930289474
1235.498648649993
331.1367199784013
1227.3409173912169
63.84741779021897
321.13088668278306
31.936181605366983
26.995533937089476
321.09649414582464
321.8917915960169
303.5188554139236
324.9881681599172
282.11924336941865
23.451004578019365
61.14614036271041
113.68793751069916
58.61584542506898
56.93809080533174
12.0
1291.4651574761122
95.14211876436912
1284.9576834823142
88.22753400587408
1283.2772949747246
87.09576263578128
83.12865604519811
81.18990044296788
1288.7859966174278
62.466904919724584
49.95801352959916
1292.5537262139167
31.182049472074596
54.39507094666487
20.887660074273754
1285.7106246883932
1272.3037647424708
1283.7176675007254
164.53120682081453
601.532641918709
84.94411211761417
1335.1333767233618
337.76124112822663
1280.4004033303845
47.924155500259985
92.05352508124906
343.00207452044515
1324.989193512135
334.6268507901568
1322.666251757522
343.07044622020703
1323.4763173648153
318.8030970716345
1292.2080826919787
558.7029581609336
28.147278633551196
1294.4538371871417
309.32284150283704
1277.5128205017145
171.14834469064863
316.5161818773181
171.125613029953
294.32930083465226
1253.4649332840536
128.19002968339328
1279.245588664418
59.426268567304305
317.062971451096
1306.4452029830904
339.124029718967
1302.0502830324394
534.4224835206678
1256.3566202812017
82.85480638603349
305.04161114757244
1268.7435860304731
36.390168800372976
298.6819478817297
271.1719139692091
353.92911892485836
1255.9205856554986
1267.9566711132716
306.8815990910339
61.65304393478846
82.79775740193463
64.2132375614733
75.18286688592025
1311.328942071033
69.93275748459882
1299.669629523637
60.48671714465445
60.86748019457082
46.42856233358316
20.438581418270132
84.82439280908693
6.0
89.89287301153763
59.05996611011551
616.092851132757
84.81908421925436
1359.1671094344888
325.77170960718604
87.30281883283351
1358.0589730963666
313.32274400331744
18.164345097304704
1334.557328153226
290.9429735839831
1336.3717573537278
300.48390390160375
26.49256884861279
1334.637374921499
279.49670186192816
1320.1642756264573
42.81397255901811
305.9626968757202
41.73036358968102
1332.8149184932463
297.13004505654044
1330.1257033850698
298.61905874680224
1307.3235261747473
1329.0814350151536
146.62934183758534
280.23783809777024
119.67621934187264
771.5254670558957
92.94006440826888
277.690143059398
93.73532197992245
276.0926118146276
63.72296839993851
266.4035243149715
1322.15978266223
73.00631307409321
306.52882662350066
60.38510656298149
275.6122690766483
92.4729960497798
1322.6087358188606
48.312380897284584
503.68399828297106
32.68137627827946
278.6592366400332
1359.8741424393193
1361.2635291361416
26.189841497803172
1360.521682402356
1362.4268731737534
61.64635584477992
1365.2909475040374
1366.9679346500584
6.0
70.64190719329781
12.653372171522278
1351.6287403229326
13.732855632858445
1348.208130065521
14.424452088718226
3.615376848877986
4.491813051719873
1350.9941062041844
1343.8037958143796
75.2871527720622
577.6213977228545
1351.6984431022152
58.8926980228066
313.49732176419184
1348.4404415836607
1386.536486142022
304.79542024841203
1376.175354771971
297.2776969970005
127.26390672650541
308.9418262575041
1345.4508847892484
46.671946962469065
74.31025935749949
295.86243221969653
92.85783648148572
111.01749200278027
130.3000313796697
311.1412396692208
43.102567038335565
132.10507589121153
279.12355962195534
110.2707276432302
559.4431513621321
1369.127678554345
1375.6042148711467
328.29141915037144
1347.803235974996
303.1726920326405
296.38920235650403
88.88536085279975
299.7943104098513
83.50463335664381
6.428786185595527
276.0795928968514
42.426112904821366
304.6291371426182
1347.3955817426468
36.543061716029115
266.9587587124706
1339.0278372452049
10.547195126314364
619.5920784478817
79.63597459441144
302.57041938032717
1347.537184252937
62.7443639811504
1393.094613017845
1381.9897950911632
31.08682698749726
49.6681059570401
16.875655448183352
1380.79317438848
1376.7338144279024
45.677813198373315
40.564947979904446
40.77231172890015
38.42985897465542
47.81442513433558
3.299475561594136
33.29639565746902
1377.2733672896748
24.780128831892853
1377.3457486923253
9.379783730999861
79.44159236108908
1417.8613860739092
536.482141452665
55.73245557639348
1420.6916865048406
305.1975760967689
49.488629677580775
1408.2564168769713
306.1260222843707
78.90127091496151
1410.6361064031007
300.0531213643076
54.371345942559856
116.98448139310585
310.48158980729795
94.29067879971899
562.4607242205402
91.66511436886958
301.374275861298
1401.0545233228036
301.60359226727223
20.52184946295938
289.33361226145735
1396.8709537178652
1379.149570712499
13.960551757658322
638.8543864792669
1400.3251996063846
1386.4567168384933
332.2366174034064
296.3525029500811
51.475807404025545
327.48384174082776
344.31643407130014
1377.5879917305965
280.163898760165
574.3433086098089
1369.865417317043
269.4932251343571
1384.1018523226667
37.333613762006735
12.0
288.67335982057057
58.54830887161779
65.60935274642134
59.578501989047254
1421.060862860811
15.09435558869518
26.90056025933245
58.446273713683695
1405.3899912153347
6.0
38.48374677738002
34.727544443288025
38.998319056033324
29.681036102120743
1464.0999522383731
524.5733720580461
1421.1967179783487
1448.6654279494078
310.3306021073304
1450.0631744345856
311.7506763700053
55.66755682230587
1446.8660888368017
314.56686459347793
54.66809839844336
1447.9327619897067
335.66937848540874
123.87585772553666
315.706754763165
26.080196569227155
94.7010077645391
314.10694010263614
1456.1729387328114
286.57057856857773
1448.1035595493445
545.6120063095227
1448.5486338544415
289.0855881251482
1431.4714101033346
110.73086434005381
326.0190092754515
105.63943493774741
300.7056704723718
76.61187958936807
337.0003667539818
78.54421532098559
297.66808074306346
1442.616809907829
72.84586618418416
585.8900865349588
28.906471730849717
1465.1469847764938
296.61594622990106
1467.6695198669304
324.742623504078
1434.7012898353532
37.88798689408122
297.32477858088487
1428.7819648330797
1433.1660700717853
24.401063302118928
67.94285627267163
1473.816166011466
37.21747157193886
7.733385703815202
69.29231785590537
1474.1767133332733
1476.169158016718
33.54409656144844
1466.9472569765562
35.88232706478948
34.27465570294589
11.072301321465602
6.0
1473.1400008767573
107.23516030964811
73.13024958029382
531.645902769214
70.62475861534449
313.6139464781518
70.70197635792965
303.5698500446024
76.25106258338974
15.845861501109084
1476.9040549385318
71.37483023847699
300.5427445566138
1530.2498353126052
299.2945564706115
1482.6206216539344
1527.7060531970333
546.2413122863718
25.298204721507318
1472.7415290361077
1526.798632330162
295.50055003992156
1473.6875080873756
1512.2609169344482
293.27073613803213
108.92233251013158
265.32853092894675
91.15197805096659
270.2791425416144
1510.2444016053464
255.21038235267997
1462.4205334683552
123.63620592261486
591.0123709443269
109.45748208798614
280.85040031312064
83.04689370214373
78.40369387521287
266.89645068647724
1465.376392627917
55.51613455521738
282.68739163729015
1458.4752733463429
91.99757588927514
263.53749790062056
94.8913891473876
260.03799865043493
78.90283272196893
295.04612439370067
35.93482249573162
60.466764443383454
1506.118727984192
38.634722173668706
1508.645388855468
10.839690147286547
1505.8059790233451
1503.8606919549902
38.08072098778848
25.35448178513252
28.05421748082381
23.109006760553257
62.582639224295235
20.098233796219574
1499.8176078294618
1506.338389303729
117.91860326930373
547.7944986186508
14.06183694017318
95.62490417851859
302.35165257334756
90.44977413754441
277.4147231056145
1563.6701845204475
247.1632602485115
88.16016722184486
1548.7517565253215
273.52995327532517
87.80404563041793
1545.184358266532
237.06223595645542
1545.0817247664131
282.6760127074185
64.4978766861309
65.02160179474595
274.3264151349713
1512.739070757651
1529.8138631982206
1539.0010957937034
572.5050592967959
1530.7870039718632
1522.128825556737
130.26086686828558
258.33942914815134
132.52052848213725
252.79609158668654
129.58162392862005
255.09083589448846
127.95548579329306
247.35443521026946
93.64050328780513
274.4794685362267
1529.6368883293562
57.03993540942656
270.2908334554181
1509.1886405756163
126.671454841804
569.7399574886745
77.44512318236002
869.4929667374859
1526.9372597586976
80.1884263987281
259.79996754160265
82.29424263632654
61.39533245790972
43.21182223709002
1561.2172799081686
1554.762363149869
18.61508077115832
8.696993993731667
29.611408253893842
19.475939263207238
1556.7042605769448
3.2472110012090525
1551.7505799262349
42.26246110385409
1543.2163008636317
1547.7688615442203
6.0
125.62061166305602
518.9419422906171
101.64169145836195
117.58926286191945
310.6119707014418
47.030434220939696
1601.7510323349138
303.17110341171747
1599.6721583110393
300.70738604688313
1593.6333331127603
309.0457002405042
1544.7452167536853
1583.4670999604664
299.78844158299853
66.88188325191186
312.51111867467534
1562.1277270852775
63.30028326993124
291.21819102013023
1590.701300912605
561.8815838417963
1558.461532908334
60.07815144284541
327.3460758308879
48.80106802611408
300.71730798047474
1549.0010951066429
70.2769986186704
44.75745998744878
288.24536282929193
1551.367369435779
1586.5789340451493
303.25534602147263
1577.1357185665702
313.80446554723767
68.55215334900413
92.17659193228155
336.20247280363174
80.92671722647628
261.4535496788644
1541.3514028751647
68.89616312446515
595.1489531748166
1552.1394589430356
45.19257023621367
35.72014784421026
278.419773820322
34.465672848308714
1586.2709633395066
44.89837493383675
62.18666774281655
1576.2086292945587
17.76895516412378
59.128496547215036
1574.2542801649142
14.722355462598898
61.91774343593988
17.64654756193886
62.044321404307084
1574.9303181771802
6.193659350880807
45.613882714177635
39.07510251991198
24.123372073565406
54.45840321115247
1588.1431834833274
1608.8160478045656
836.215782344726
1610.8279785126138
295.53662849135435
1612.3728007872287
280.2377170640307
63.959111222517095
62.645997172378884
278.97251443727555
1606.3727579803085
285.74317963013436
125.70623007272161
320.672850663153
1606.9099307846432
86.32546807306198
535.6360372503045
52.659828148043744
1604.0043186444132
82.26090792996911
300.62057034547934
1596.5097543892748
55.918624979485685
300.75664137700915
44.049239250257415
299.5776745121266
1615.959381594088
538.8883665054
1608.8322470713028
273.17728243115107
70.00331777311567
274.494086149944
1579.5148889772477
274.3826377530295
305.72989500899575
1571.2629149109084
277.74560607569674
38.06168693110794
284.90898071370793
271.1639674099174
62.88834944885912
1624.3717607207604
8.006123696947725
49.135580699667116
47.4377747117278
48.39733177447124
1613.8639245436348
48.553822883147404
31.655209139809813
1601.274139218297
6.0
19.448383329952776
6.0
6.0
6.0
1616.970402159246
1598.0543404908444
1613.6757257631857
1597.144941577605
79.25483317238013
815.4783693545796
1663.2734736878488
276.6044300941835
82.31777012547354
1661.1598747987632
279.00676790875696
1651.8125053559029
269.2802244095242
1647.14888388904
281.9700015422404
94.11225557605121
321.24488054288304
59.093894256185195
534.5929720868162
1617.464050295258
54.997876810602975
282.1118842031783
1617.7560158219444
309.6464169663295
1614.7443899549394
1606.152428416226
69.21667122451436
286.2954744246117
1600.648625471883
299.4979455531061
1609.2754085535662
1600.4571107651159
258.0014546426755
93.69624716126509
549.9584682617233
1611.500696920849
71.06649196065428
285.7097154293506
60.47968350438259
286.65428972501604
39.50235688131488
270.4279061182606
16.787050863330478
299.2274054546574
1613.958258578687
77.10599981563519
17.051269848031552
263.7075474460594
1615.7751079697505
58.025749640257345
60.73630833761217
63.98863272647486
1639.8527199477599
63.255573855757575
1639.7694373928193
40.533566212008736
60.420057936848025
1640.050860572338
29.124605863456964
37.959340468849405
24.60160919848113
33.50121954392762
27.23679737395196
13.862545459673129
9.586306040067939
105.85231435501828
22.432999882889817
1645.5297848530336
3.9423512246312384
14.309154869766644
116.12399575955897
9.885618175332638
90.93463604647332
107.55692059767625
1650.4547098576068
54.339084474403535
574.9534026361921
1641.6992645625792
1671.7436196282715
287.77483102929955
65.93774901066354
1664.1905130065516
264.48920144656495
306.8072089930006
1643.6523998894472
264.09219798478216
105.30388875424524
41.995906885757904
272.47116591375743
44.92653629230699
515.9926856991369
85.57131034712711
265.12705652446493
264.82403816433
1664.1870500949076
269.5779693282029
1665.7886084593938
78.45488468080202
265.52101325002786
1666.344452389695
257.0278359671529
69.43498094912411
1644.1625288310042
583.6956101988917
64.39976184029183
277.30574247390905
48.129735105459986
67.3798798215912
285.3365579234769
27.912936701252875
1643.1703633627544
257.76049432779473
1643.2590621601344
1635.488403744574
263.3898855147181
260.5564297637775
1632.569655871835
56.2386258755605
47.42680262025624
1671.2908422014466
1669.2106294770128
1677.85345128985
136.65694790282214
1728.2496607844382
1451.2506631252932
1730.0113536932136
283.893490868596
65.74447907684407
1720.077779690227
277.6272825138494
54.615166167060124
1715.4921426676215
291.44517714215726
49.279210516518106
1709.643124651624
299.37313850069313
29.35302051221788
1690.1503104279846
58.6452189631018
300.0609541285239
1700.4439173083088
504.13622689337717
118.84784161818789
277.4325269228675
1672.4653912521626
111.96721184521721
1695.1984052891012
116.97663057884984
330.03640061676015
65.96825314256694
332.5344631463586
1673.9493142680813
1708.8240490749954
337.33328689884183
1698.3040575780906
308.3815388035782
570.5597740780104
255.0201336359487
62.1422962268698
326.36298930413886
52.02227397177012
299.52399879038876
1689.7079983694443
108.61953065332
43.36698796418568
11.873729513306898
257.6859341619447
160.97745161552393
14.448353050222977
296.10885581249113
13.65390392601239
1718.704729372549
7.4320588536993455
1712.096499535127
42.48477445308254
26.551156665505914
20.386761365289203
1712.9604187231148
15.111305669943249
1713.9042469512942
1733.6113000482737
1735.7851229896992
1751.9839129279585
813.6854402547142
1754.173810151667
311.54617411228446
1748.92617652823
1151.3889035630696
1750.9131486549163
314.46333772582875
159.0022625452075
1749.2530107201596
313.1189727695473
114.65369479361289
315.4135670289479
1749.3468705337546
40.73102784574985
116.69261680601812
1715.3591781666269
58.89118550198327
304.5100894283087
1750.4148077786667
54.41772582522481
303.3239897043941
1741.9769796313713
1757.0903970830923
300.6079003230516
1752.352473620802
1443.5079757792005
293.8495340914478
338.56037128897606
79.50335234022259
2082.1951852963234
1736.3161273262685
70.84505147357413
332.8912918647484
1714.534888473439
38.93709008978203
331.86487337177914
36.990412358830326
307.7442766320255
106.58546398553608
23.606994166575532
1802.5861439919477
1774.033972653875
56.74849134281976
19.799899760588232
1770.4210184357976
1771.102299735649
33.01897586193445
27.211689292458686
5.703548626881457
1755.3381900659047
8.490204585433275
71.24567394189489
574.7009372923121
69.89649522667696
337.0100686821397
1818.522309842187
336.80092988194156
1818.9850520083733
339.15053218610774
1803.302147591452
296.65805368709243
1793.1759620145203
342.22425291611034
1792.6277276988176
564.8426117161416
1791.0195771964195
339.7125693743201
1790.3574306304617
350.95150510436724
1770.4119257660032
133.37534691948167
335.7205728977642
102.31123830236356
120.165291564972
347.09946488549485
122.3993527927696
529.6009757487027
1762.926203899458
1773.8365501858539
117.6376553710752
342.44013989847826
111.03225235501213
68.3229055887141
325.9523847157607
61.724962051582224
317.9106560286882
1810.7419726589346
325.9548077042791
1751.9774875290273
1804.2936711430093
318.2297810570353
1802.906393723811
379.9469906059376
73.3410779732385
6.0
44.87453708083376
63.58379267323926
1802.2765027482228
30.35443496809239
1799.043403655205
25.52552551068493
20.49300155682431
1803.33471647559
6.82005932892298
1788.6550744434016
1790.376286399804
6.850042223696619
99.9520471236101
1791.8967341571552
1791.4111544651696
6.0
166.1649089304501
565.5843213072076
152.14954258024136
345.51810060789103
28.25137782339425
129.89274941926396
364.1626780442866
84.90995249784464
346.44321657576984
1811.9240583341311
86.11389893170053
357.74685303851675
1798.6405036602341
24.0
1855.99826383327
335.6843667211051
1841.3476226008652
362.45333125948946
1838.2037579110415
352.2441370179995
1816.8459466740328
1840.0307423913823
559.8925523195985
127.45228693602076
328.3360874233613
1807.026313995471
122.16220035387778
355.1709316351662
1808.1010518619505
1791.7776794769484
69.58588705141119
324.43258145779055
1835.402936206348
334.7421453445422
1803.40441077797
1831.1785672269148
316.8959432001211
89.72225496518604
581.8687822776792
77.79189038771437
317.14667143171937
62.148389563762066
326.85184299222146
56.474544610301564
316.6427503281757
40.12597489149903
60.49166417201468
1828.5063224423102
48.636745266040634
1822.3193726128748
48.54467798245878
1815.8780680288937
32.026833861566956
34.8801940120793
37.41990019099103
24.886906387652743
25.490760028886143
6.0
43.44546652601002
7.095817228832857
1842.356329722812
6.0
8.116305526626093
92.15319241497127
1843.464610107997
1847.3442997807228
56.04309829984868
558.9542499854851
1856.9343082374107
342.2726757724331
93.06475056903673
1858.932163977313
356.9180911907815
1859.9350066167121
353.49639769850455
1859.1814477403673
80.85454760042103
362.7219688471105
26.128040970294023
353.8617183920005
1833.380995717967
1843.6701263900954
367.80435420911544
33.68421779846449
1865.541240872993
318.07001525323994
1834.29038465263
565.3795764184106
1850.1350219780556
316.09586359147033
372.08690231324454
313.34162583980924
62.263995348078424
389.7455237509266
1849.1617980208434
330.695143762714
324.5881557939447
1843.000911029471
1808.073772070422
17.068409477692512
574.0616999337617
310.9922535869546
3.034569281124277
324.46183460811517
1820.0940714964659
38.092260853676635
28.0981164134364
13.95111053749406
1871.3694434204417
1869.9014896505869
36.84662500781906
6.0
35.292383647785755
1844.1672596412895
28.018555416870186
22.767899825820678
22.840139801614896
13.887524470523203
6.0
5.6734493747926535
3.3275800403680478
6.0
79.57939956995597
1856.3550073381311
53.74905249266703
1923.3491227436311
559.9578082907765
96.10124338560126
46.59309923000001
1884.33004167957
313.32491620066867
72.33148185406117
355.9634935799413
1871.4448348384935
341.77917088992126
1865.8083487288
352.42311521938336
69.31040180061427
316.09305995980867
103.83557031446162
315.7840734136644
98.46463102157122
307.5283337936644
1875.515433627058
315.92636982264867
1871.5705523117108
1868.4297815636746
10.162749664074909
1876.9838697972718
287.40264116983235
360.3584563793138
249.47108238827332
89.41440341828093
853.2363065080954
30.977326060832638
290.60424023616906
384.4150553963045
306.26562129132526
35.36262342883765
292.614838942558
1862.1278607346562
29.10775526483485
257.29695413403624
1870.0941223808186
6.0
294.637913143496
43.71390349844023
40.687208053846916
49.36946412351335
35.172386009867296
35.89600828112543
1897.6851710439819
1900.656826969745
43.78510676613132
38.45955655810758
1900.1591770137838
35.80743020859063
28.87706988370701
1902.062674027141
44.49882304168932
25.976551655477124
6.0
29.056491122796615
1907.459779236443
1947.4102369030616
573.5943233525131
1907.2467984001655
1940.549070555141
319.5463821443691
78.98117841515977
1941.11903215732
311.7162837150463
68.79495113863504
1935.4179573676024
308.6547214408374
1938.2960532546504
584.2231506394346
135.36839418151612
270.9268814620027
1899.0626284858267
1910.9577669903688
126.23343685076816
298.78019782320644
1914.8942605189823
1933.3714509890588
296.9424826300983
1912.2601518487722
95.3093565023928
590.2491784190761
1916.5655178551347
66.2610023322768
301.78294848080986
21.588450728604585
62.40861607957595
299.2698387103683
1931.6825677803668
280.1033902341469
1891.4775023431926
54.84180681812268
285.6525852277873
65.73583431775296
10.263523479510695
276.6946067273566
1893.4541716590002
301.23119996122205
275.5046538683546
281.0946752618229
270.94401904231745
62.689195930001006
52.79205907562118
63.21986948964877
32.6915338953022
61.93493265028246
1940.1327056500331
42.778078921867746
1928.3099054154527
38.41409808696881
31.3576378613825
1938.333805830246
25.89770989001954
107.80418197918152
10.820810664517012
6.0
85.05829302269285
1944.661747065054
12.326063326373514
1945.4818815498174
88.2622536438721
557.1939405322819
1943.3403042583132
1985.915225192893
257.49937819593106
89.04226776350515
1988.2112784363462
283.0062413360856
84.72435672668234
1975.735383537155
270.05098795059894
1976.816307486251
574.0426055324497
130.33059234144002
241.7266613829106
1927.1810690199568
118.45521385578832
230.01597865253734
1930.1753367159613
1940.1116358892914
98.68440158032809
271.51164521741885
74.12275002284969
551.2552544857963
63.85795674438941
266.0651847519075
1962.3176970230097
2743.020513126786
1958.3830526540219
242.79368840305688
1937.481306706432
78.99541350288746
564.5333295940045
1945.9050573839954
137.00993739953265
70.33458807504576
238.68797616032316
65.51042775911719
619.2290784519691
884.3338166937392
2683.1714338423094
2669.9040034943027
47.43017893877368
66.62234611588974
1970.0588637370774
40.49638191716622
69.3501014778376
1970.2243253422566
39.08855941510046
70.20535040255709
29.77373852122946
67.92168189591484
64.25026924526901
17.47117967935992
1967.8592670102726
8.393782747247315
60.64277009380294
55.90452767077841
35.693087902866864
1982.243893316951
1981.524162973245
1985.1102333521771
1988.7918121470311
37.90642621572806
80.8780906132024
548.8021427751328
130.52244692264958
2012.9789204808867
297.37818538568354
103.25908732964308
2013.227143281557
290.5958255305395
2015.8014647963892
288.11376428236144
2009.3256971741998
289.8242232985549
110.82460276242728
550.6633671960763
81.36002868612832
2002.9075286257407
100.09636736108678
287.26240964242515
2007.8522779918735
56.64345918226172
277.88196473076096
36.42347937256818
311.5280422774613
2009.6225844878363
1999.0566767657256
335.8280774731884
1983.1234676390764
81.50532968128664
308.776683207464
2001.6223027638707
653.7740442518243
109.2753385957194
300.3227800343857
91.79486354686742
339.0321764663531
65.34595110524879
93.42855954708739
295.68437271449784
87.9046992569647
311.79981285053145
1997.7118931393757
79.91896629013536
302.01526576781
82.11287570808418
322.21609182489647
1988.609255138645
56.80311956617152
50.00854007777343
52.25461381024343
44.916083556112426
2031.9472114746927
21.01121563151537
26.462065831931795
2022.3518454814343
2023.2952212541186
2025.9044742217216
6.0
6.0
69.70034384308201
82.9337326500272
2037.3266243945054
6.386570555740946
69.34143244855295
524.652761246387
2082.891722484893
336.8147221269646
2077.758589992998
274.3962602379079
2070.483832456233
340.5244207503656
39.244806656599394
2064.241420986332
324.45905457309345
2064.340884526461
332.47524670376515
109.65206741912516
327.78449388375157
2046.8097566930874
2043.634500612095
95.42995167804747
314.621523214445
2049.1507385741807
78.29149507775219
69.67299774712774
543.8051776885268
63.259492060949924
302.7109018265537
319.92779833675286
293.68522492592
302.68011484396266
72.43780594026248
294.4074383026482
2013.3794557012902
36.41882678287493
370.6198406831227
32.75761190331923
351.7763229706743
2021.950237536685
320.6531609132144
31.720411930849878
312.4296887102864
73.73802042028092
35.99925083164362
51.18067780979709
23.978224954072175
49.786110240635026
2068.633439185339
47.20449841849677
37.16863531436775
17.391258088528957
6.0
2055.8298380819583
7.551725553924371
67.59084871757568
65.45252325512138
2056.6824829584425
2054.519341935681
2057.8580947936853
66.02965354467233
1651.9937820864934
60.12184488703133
333.2588835336919
2123.3420904436275
329.16828379543585
26.783435126023505
2104.5513457542097
309.6615062327619
2105.383191221645
502.8805707233287
28.88453485001719
2067.5043623251463
2101.3069449155105
329.187037291641
2073.38825613809
2069.0057635116523
2101.8053499730727
329.6701699632904
2103.5845181530613
294.39282023455416
2105.219242598643
546.4406524830647
103.67879209291459
2065.7686469184687
2099.8884068049683
309.5252106338821
96.06697030851046
287.24109405561467
97.27128919038205
286.84215145118105
6.601216320241292
83.54328393403102
351.2591969432897
41.85695992355886
267.92167896938736
2051.7106708989563
9.436489815640016
543.9927091128948
288.42810819657007
320.9980258718924
291.76302476986984
6.0
2095.022138794358
38.379377906114314
21.284016252775473
38.264053405020604
9.450422619338497
8.895506923372523
68.2187986855688
2076.849052472412
2079.1504162397887
6.0
2074.7853851223367
2132.882548982315
510.8435834395659
2069.8589461109095
14.747547462821785
2134.5205793957334
320.3379925739637
24.074151501365122
2130.023524706011
261.7687598427983
2071.5622875354557
2131.498744659563
297.8956820333833
2133.669933000225
566.8771471441023
51.599266433554476
2126.118785144805
298.3310858795194
2075.582359692241
2124.3065531495276
302.563538468341
2122.259690110097
286.15317012467494
2102.051904837141
293.35790970319977
59.64948865615952
282.7338990924309
2096.481203155692
573.6719903039884
2090.1811939966706
47.11238349210453
53.8544032441805
336.70286939384914
14.909780073346155
53.75340718118969
257.6482301687274
47.88797315555257
282.2765486109374
2097.795428254837
49.22401453345719
593.2863989350617
95.67673552537235
285.3370756153545
7.745034656975804
290.7033416591821
24.63407323869069
261.33416756643237
49.8525224240102
63.91768010975284
23.18000242940252
2119.30802212167
23.920263031211107
2120.943167255004
71.99945837045016
2122.027947807395
54.34603639522629
5.816665970894064
46.382600140368595
2111.6781211209654
35.17495916375083
34.687818248225994
27.631842808381407
2122.9356443761235
2116.6015506423582
2124.2526363396146
6.391974625183138
2164.178457227438
1237.3020313225834
2145.954176438687
279.32775350699194
2138.747913302427
276.87020863550515
104.77153353285121
2125.6056863648582
273.4346077087239
104.88183109587226
2126.430954480104
263.9747152189975
278.97488159122804
279.4008072257493
80.13992974152188
51.8942893688818
322.9206377650289
76.30856179972761
578.2483825116788
2130.910940183685
325.20931936960096
51.394120709389426
310.31303857681723
2139.494841961309
316.6229900539265
68.69274395975026
300.41351033571755
24.670467777570593
2135.251183079969
316.0506414850797
2135.715024841149
279.35721909665153
315.5722475515431
589.0584411401123
2126.4298240833173
12.0
279.42142229064575
63.84419644737591
51.74376976252188
2160.7289185409722
27.94601811731718
10.833842517541598
51.99496651044956
2163.6119918483164
66.26578126581353
47.82755893635567
2164.4398171602525
48.45768018312447
2160.4076566508834
52.837935097495574
5.769700230624949
24.44463149535477
2173.8503319924316
2172.4360372862466
24.231048997282414
2174.2973383054587
5.418286929954775
2174.560387375473
2209.0147046697484
2506.98646962597
117.67161778688933
2205.30889979278
330.6851623045268
2201.149495224507
323.2128783672579
114.30215781974675
2198.7290239024046
320.52185326192375
65.64526809408744
325.8855270574577
22.82506345046204
50.26802920042064
317.78149649720035
2200.448417409315
331.91452614111404
41.62144174606874
106.26591257412201
317.3160442201415
108.89374467730795
562.4203021827643
100.93288098728408
288.3177344251326
2184.659884144273
102.90795011609225
328.285980579054
21.902709662084817
94.08874693810412
339.664583265082
92.57956322496739
38.214922053046394
306.47914852023314
131.70532228665706
2179.077585894047
69.68756991158352
277.96681705971696
26.634682308823358
59.881295100202806
325.35134232373275
2160.1412445616115
37.46681223181713
261.3953110678822
31.817990633042427
586.2565952272471
2176.3674646943314
24.237955512989174
304.8332595858328
86.449946641942
30.99927333594769
51.71948507036632
40.280324069308335
50.15861552230217
39.12016975871575
2209.0687910388565
37.55480980766242
21.598048386455957
16.507165033406636
2203.567585284253
16.706054820194367
74.3189455516922
2197.2554375387917
6.0
13.396133483649464
2213.6944647264104
2211.622103338007
58.96366385452802
533.857150312986
133.3944545794584
2203.5467195618057
80.99417228294351
2272.9764360212516
326.80667898169395
89.26828426301472
86.52493667631825
2265.8046829856517
305.69696745132387
66.49149586529802
2247.4546585436356
325.71052742895426
2202.286596402501
2244.061833808829
335.1746377464988
58.45641822671132
318.6639942306656
2240.111158189037
340.0984470661815
32.73439947078441
49.256760260499505
2219.4692740283876
288.4572086147855
2220.1763411539446
570.1312217282984
118.97273539479193
48.14035234745006
72.76710596085377
288.11586113051817
2207.5156325436237
59.3428242267446
301.3726516111292
2223.5716278204336
312.88448942837385
2204.042248291225
37.35491696733607
2225.5238916317685
300.26861559787267
89.7343451818806
299.4493984661476
110.28708426071171
81.48032547855655
297.1513506254987
2208.1104501413815
79.18111952507024
301.92407570731484
116.29252131846533
80.44810302184578
611.2770354593367
66.41166602912926
287.19647947064277
2191.377667351762
61.38725100751344
44.3391717386221
2242.5424295791863
22.506631596322222
58.59791296437834
41.2736014328766
2238.4500682396133
22.42510470320667
30.408051236880965
2233.9174943054795
23.749784764716424
2227.2244233466304
8.525535811293594
6.0
2240.424031549707
90.41430762638083
562.3924885393817
2244.297654154291
68.806916530948
356.21718092889296
105.52776621805424
2289.732886378936
355.3797928206923
80.63874174615103
2278.749508166856
342.00089125310205
2277.567090653606
356.2110816382674
2278.7834226183354
319.2059635950782
2264.7292962670954
544.6114396449866
2265.9965607638105
301.45949397942695
108.39249643499352
327.9046807797831
2260.8780071786955
90.12174867142949
305.78491007135835
92.09043389857106
309.1647442710091
77.01201616827802
301.8963957388214
2257.553992726755
65.46155007636753
562.7013392166773
2277.296503957039
339.26951176340754
2259.085476330016
96.42751342347583
312.2099689664037
45.4332875525115
299.86456430634644
2262.861510231199
37.80720944726272
371.4730242378182
12.574959547486287
291.964142076773
42.96976522043133
60.20962140643769
18.991921341884336
27.200811878531567
2291.060480665634
25.07780687180548
21.659164130454883
2292.4947335443053
23.40919826246318
2289.0489856852864
3.3261963680133704
2285.3642615943613
2287.822779094357
6.0
9.495035097796972
8.859756453601221
9.145205308349432
2302.311455904985
2304.887256768074
2333.1992370888556
569.7751870144239
2303.4653320014268
2335.0417207944565
335.6735494503264
2304.3464392088667
2325.842101046018
338.50939825563
12.0
2320.5445402086602
340.7930567448557
88.5919304877234
563.3899835356533
343.25506810878505
532.9479341024726
2313.5555293479874
342.15322032689437
2324.4477289092756
343.3781108425901
334.9159063890593
2313.911386359492
358.4919664044519
2297.644494313005
2315.777045562902
330.9880358031478
76.73746454756747
2305.859002075925
644.4276237431877
53.781641471753574
321.48354306017336
323.1623868647639
325.7221233740711
6.0
352.87721007171785
332.9485168110032
99.07552753540676
47.11177411414337
2336.94342673553
50.051461126482536
12.783231386098123
2335.348175533242
2336.5780172353475
6.0
2334.689371623153
2340.844899928306
71.06599889118661
2349.188509134796
6.0
58.46782437283673
542.5321514265179
2349.948816915099
49.203302632707164
2380.623501864506
381.1184437359243
74.92977550591422
2376.819155271779
380.1772911656735
2378.289570460455
341.49523886061525
2370.73177851038
366.82637703265755
2365.899886658559
352.19314101961845
2361.7304332021854
65.84598053693662
87.49260296519878
541.5903999349075
2365.0795237595785
62.32341584109872
42.623097801365475
71.61547710570176
349.23793417798515
2362.9763173542246
345.11915787799444
44.63423145298111
307.9884760841451
2363.007420591934
344.65290322873807
2376.3649040042524
2354.337659377145
304.7531723163429
83.34942149374456
574.8687454507999
63.590162573640555
339.2559026925337
318.44081867497334
2353.618739916
61.597425534419926
332.5232637417548
314.33442720544645
31.04069066021475
302.20716593866564
54.033695638909194
37.43960529311062
72.98068688884177
2393.1598806256247
31.518606676063428
13.188842458447652
17.05846827952155
2392.6256500092045
2388.2557926153095
6.0
6.0
2395.570069065896
6.0
91.28366929888762
80.08454796836668
2391.860171278694
67.02707739656307
560.731978453684
2444.237100636156
291.1543271609553
2440.196662934155
291.0217816292143
42.619409009359515
2434.164583322989
282.6045491156083
2401.949443131504
2426.6643675669307
294.3466656403816
2429.0420447821803
271.3899838510597
90.90413807484856
56.769688248750754
290.0544465205812
2410.187112898479
2418.500859929987
288.97271544029354
83.61488762482531
310.9514294117889
69.77067619464196
266.5595821439492
2407.149757183522
48.119287892821376
305.9640395061133
2406.112904310465
2403.494742115272
2426.2677895137904
255.94133860435886
2407.343579610764
36.28880353107161
301.4046070496988
291.6984947669753
278.5080885378111
2412.4405583059875
2402.1032899134657
12.0
276.42944964342587
606.2240510170313
277.05782220275887
2446.2838866685925
2403.066988922182
24.754899898518488
52.90245999378476
24.94707512083187
54.19477387677034
2434.2981415938802
22.026306915828172
44.133957346529314
2437.232315845052
36.5423283424052
2435.184548107161
6.0
19.955273393625248
7.558789649902792
2442.066009630828
16.239736892153815
18.352947311223943
56.83717258094839
846.6666942693173
2442.671504359979
2484.4868239987454
288.98211499381614
89.57228437256617
2478.3051563429403
289.8826186641754
2440.062938187892
2463.478821103229
285.10762619489833
77.32802646292294
120.66560493749239
290.31921201054774
121.00770332182947
271.7157787839815
2436.6685239965013
75.90704866980559
566.6478419532568
2438.381878642529
69.31637323976611
279.4809692771869
2462.3193224464144
59.307417547322075
292.10165641232834
2439.1267520726683
44.21998685656399
318.187415413031
41.86332448675694
541.346540176226
255.87924936562013
59.280677767656925
82.91966798943213
306.58282635223077
259.9381338182957
640.3212614330532
291.83270970411195
12.0
285.61001241377016
285.95364901872836
2439.1348870495476
43.59780106358539
38.15071177867503
57.579784907656176
46.60776392039952
2477.984286514394
36.52583630497611
2472.3332094565435
21.669853491822323
28.10968047674305
30.188150810783554
31.933597592290425
2472.443059024109
6.0
2470.317265531066
4.089938728454399
2472.5363661425217
3.8055226837550435
6.0
2526.3363325511477
602.2087494252492
2527.5782027084542
318.26646010896184
2508.3993382699587
317.7950955549941
2501.0638031681933
304.5356618403748
2501.343141844783
320.3527871473334
86.03410558451469
297.6574200743098
2499.3438245255657
564.9391917356525
117.1116220601507
292.7724883448618
108.41984308907286
300.4336867783404
84.93604418076211
321.51025069412026
2509.9038136723248
673.3446665230322
2508.2482361146217
307.70848459556873
2504.159347381942
336.2222176507885
60.09058084010485
261.06804369548536
54.519901260879124
265.52894681982707
91.92790171913839
52.44705519116815
314.6541327072191
22.574836216798758
332.71738937103237
18.34102239661206
309.5509902540407
2444.7765558270935
47.37695713553876
28.545541004094048
38.04888401439257
2522.8233228029103
12.381994509142714
2514.3659661689603
6.0
2518.1163894135266
2522.7208862172565
2517.470532641919
2506.0130227821924
2501.2965426768837
103.43829751761223
9.622315508695465
103.48035825072384
4.791944653982682
63.099721710434096
512.3795181458881
2569.511990908582
336.6271313231073
2557.8074771494225
332.35068912472343
2492.6340956044287
2559.8087933549095
312.0688446402237
85.45057554012692
2560.281036763443
336.53312387204005
75.13021240863145
314.1352513804386
118.4139912707642
332.11321664225034
48.747713487403416
2506.585632873478
97.16413638818722
313.76703850829654
2508.990670724702
49.821049586638765
518.7212011892243
2508.4420388938197
2508.8471945672595
2541.29537946891
317.1033168726408
73.05595481599994
2538.4036959198115
324.7940887630448
69.52033277241208
2536.9283364465537
313.9772828271434
2506.9817543231607
71.05826675792923
327.1160947477765
57.27307531185397
312.560566485482
59.24451945612782
331.3024627909781
65.31487092495172
591.5929467385877
74.27924232442274
339.3516359838859
334.3624992338355
2515.3352830515505
46.76474675951704
61.30054361775274
58.44053128233372
2536.1618907672705
44.07552114255759
2536.940450478575
37.68153599811558
46.788015587801965
2539.155575354308
23.171819968243653
38.01570355300464
2540.0128414037936
15.124792632073877
11.05948975897627
2542.7003194847193
2541.2389315291884
44.01052027356218
116.6308537647601
6.0
80.8212005766427
2549.471224460617
2542.021839947115
5.706234496271463
2574.7342403763064
520.1749233206583
49.76819877890921
110.61708205755167
345.88925299282073
2567.7742159107556
297.292715763223
2561.667287366745
303.17157085397594
51.02849273615266
342.38759652095905
2556.1271988430944
35.193449385009444
298.37587227992844
28.875172412707798
330.01915663078853
2567.5421991573785
299.88109727775645
2562.6038497774725
539.991612556677
2562.3134946574055
294.9417131390692
312.38625257779313
319.0902670069563
82.70094433710983
308.2024396339493
82.41630318691023
319.31589239116965
60.63197754145858
83.77525556077762
15.919605399841203
338.2124720984684
85.68271154524973
309.8037966312768
2544.5660345324386
68.07172200207697
572.4023333513851
52.692420347449115
298.49651022705984
2584.3242893054503
48.6473937301198
2587.0338336121167
51.21798107897848
36.723249191029936
2587.388070656856
26.80474772913294
25.22078876584601
25.088909598744067
2586.5991342033094
27.34270471804666
4.644466143118734
26.990032341166625
2588.721086572552
23.247305841251546
2590.0344469439196
109.27402583090043
2588.925733406526
3.976504827634926
90.3683491367292
100.81997644952207
560.033968420179
40.6446916275645
102.72834580069048
299.02901531526095
2627.1699119572913
324.858333192954
2629.70448045383
313.4655196263584
2630.064055937305
569.0053188320844
22.1912801451399
2628.217657251842
273.574626970556
2595.770693565092
2627.3677793819606
575.1074244058664
2587.412817735285
107.82080827787468
275.913663067935
2630.2604874590115
311.903374793691
84.33170419269663
136.72232190692193
273.9089951094211
91.58793252928353
323.6668115627954
76.54407688986339
258.3704952166545
69.96314660651387
257.34052068367055
52.623523279956316
868.3012561144105
95.9654584684713
2623.941883866587
280.272419093757
2618.917964655833
583.007237751046
2565.6071514830774
143.70016478146135
282.3483090443351
2577.363740169565
89.6210186137132
531.5458212770582
56.8775065672271
2617.041769351342
2610.859541474064
56.45866295260112
51.76320133663285
36.384991754427574
2610.0623454348124
31.20421365006314
26.331341950794013
2613.5921946519884
13.089211130974036
9.747812861422972
2604.573956746769
2604.110315760553
2604.4197592283163
6.0
4.871753094737869
97.96417931955784
50.917836241350415
110.95443404770867
587.667912948571
113.92300242745932
348.70782655519906
49.65826073432163
116.31008353636844
306.06736345543686
91.06771820448921
290.5995675360746
107.57802844980688
77.13751507321285
2661.9292158865464
530.2529893473184
70.30897748704501
2659.970542883384
285.7241498899584
101.79540498935785
2660.72874311986
293.20979618281035
2620.9271785407427
38.67550627877063
2651.967624761378
289.4786760359184
2622.967701295376
2654.0481248179285
293.251155818949
279.7224523351015
578.7840355907692
2624.6128921889785
312.15662475760655
99.16328674984106
110.01761956883183
325.3278744223353
60.20691466731387
275.5479943058408
304.6012898828294
2601.545485257895
30.60702381810006
270.92412916933245
635.9896470873482
280.3126789207554
55.20889377423737
59.32975561244257
24.543956124696706
50.91089742182521
10.66287126505631
44.28919594400941
40.87411553080801
17.346146290124125
34.23371707131719
15.801602414448098
2630.5425638075976
2632.8987159749167
2630.0138315538234
4.953718281586589
5.788754180330216
97.87729635209962
2638.5483283443527
4.080403397667396
2687.604414179563
582.4603435146928
2643.4081585060367
2680.960926468055
334.08989046562874
2674.100282970574
329.930091820278
2671.5804158796536
329.95092124309394
33.126715024888654
2674.535197122961
540.5920764769871
2675.4919164651837
330.59888900153237
2650.462182397596
2656.3923646808435
2675.3236960148442
327.8068979950085
2655.2794742590104
113.48469954273241
318.84875834636205
103.10197046484427
590.9864108568045
89.40408651121197
2672.4953978000012
316.60089300401614
2673.5043400462737
321.8009625764289
119.97856499250429
295.7894939536882
114.04457667324459
300.8443942222375
51.80515237673899
342.6053873918663
2681.141285251296
362.06834169737067
2666.7976065130033
2683.2141470538336
348.38859498908914
2685.2277880681213
339.6228519011074
71.83452268270412
316.44031176061435
56.2195246955107
2689.0286428749087
60.59357182794156
25.937427569907413
22.42172642195692
57.63939650516659
2689.736750312457
18.424260680465522
2689.266969344174
15.201989975055767
2691.7362159572513
62.520256957564015
2695.713476586501
9.69134910845969
2709.446428974784
51.26196483694639
6.0
2715.336794567038
116.54199302587949
530.2585987960074
111.41506214520268
360.60649953670236
77.2777993458485
341.34315588940535
31.362211474594005
2738.65433990407
350.95890339207835
37.188030358362994
2734.717281226681
346.2889257358738
40.907352089815504
339.54642909510403
2738.280679225011
549.684248664681
2737.6823617239197
386.094328639414
106.70677834882099
314.30493136221867
124.16642510818565
586.5080007066626
2692.9189983994593
126.25213421064745
292.8396505811097
2711.912980299984
95.83016937272532
848.8518505407083
84.63131181352855
290.68361568511955
51.437697377160475
331.56870808852455
55.92580447501405
67.68613347691462
2750.70737106436
313.3726227371235
2708.0233199565664
80.90591974351355
319.0935945989886
47.5529207028585
298.7996724251425
44.94358210869814
317.6743379952313
20.886206503214453
15.418377760608564
66.76713615266726
2753.7910619597906
61.652521408606844
44.79057853886752
2743.8552709352925
44.563138972786874
18.056393863404082
2738.8002928161004
3.0545730066478427
2741.5366445887184
2753.19635529272
65.69660789374939
524.767558161444
2753.6472624547832
48.207571170596566
66.85380200434611
336.2980403756037
2801.930990765697
322.94145620452946
52.89995541254302
2797.430326574002
323.4922230054617
2791.9200213384474
326.49228183465857
2789.7030429236893
314.994344232442
21.874251239754813
2781.401134568192
557.0821513195197
103.58991958832758
300.67088537489144
2723.4143114846875
101.18236423456437
315.1957286918887
2762.133148159286
79.53255063721099
289.23169074390626
2791.7822787192636
298.97527259393337
43.82936448660166
2790.6231978609767
324.37975570448
2789.5319216433627
587.0413847384461
143.0045380296333
273.00133200413075
2748.7568168730477
132.32227013703232
336.056164435161
2743.6540513777336
134.17855238666652
292.75741606031534
2746.405630509523
69.63478479759851
294.52369371354143
2749.3827307969077
80.15145853060949
63.913074612560195
296.5724145854465
